0,0,-4.00,12.00,21.00,35490
0,0,-20.00,0.00,-5.00,35513
0,0,-12.00,-8.00,-5.00,35537
0,0,4.00,-16.00,-17.00,35560
0,0,4.00,-4.00,-7.00,35584
0,0,-18.00,-18.00,-11.00,35607
0,0,6.00,-2.00,9.00,35630
0,0,2.00,10.00,5.00,35654
0,0,-14.00,12.00,7.00,35677
0,0,4.00,6.00,-11.00,35700
0,0,-6.00,-8.00,-11.00,35723
0,0,6.00,-2.00,11.00,35746
0,0,-12.00,-2.00,9.00,35770
0,0,2.00,6.00,-9.00,35793
0,0,2.00,-4.00,41.00,35816
0,0,-6.00,16.00,-7.00,35840
0,0,6.00,-22.00,3.00,35863
0,0,10.00,-18.00,5.00,35886
0,0,8.00,-18.00,5.00,35910
0,0,4.00,8.00,3.00,35933
0,0,6.00,22.00,5.00,35957
0,0,8.00,2.00,9.00,35980
0,0,2.00,-16.00,-37.00,36003
0,0,-6.00,4.00,19.00,36026
0,0,-6.00,-6.00,5.00,36050
0,0,16.00,-8.00,7.00,36073
0,0,6.00,-18.00,23.00,36096
0,0,-2.00,2.00,-29.00,36119
0,0,0.00,0.00,3.00,36142
0,0,0.00,-6.00,-25.00,36166
0,0,-2.00,24.00,-1.00,36189
0,0,8.00,6.00,-3.00,36212
0,0,-6.00,6.00,1.00,36235
0,0,-2.00,-18.00,-3.00,36259
0,0,-8.00,-2.00,1.00,36282
0,0,-10.00,-16.00,-7.00,36305
0,0,18.00,0.00,-1.00,36329
0,0,4.00,-16.00,13.00,36352
0,0,4.00,-8.00,5.00,36375
0,0,0.00,-26.00,-1.00,36399
0,0,-4.00,20.00,7.00,36421
0,0,10.00,-20.00,-13.00,36445
0,0,4.00,2.00,11.00,36469
0,0,14.00,10.00,19.00,36492
0,0,14.00,-2.00,13.00,36515
0,0,-2.00,16.00,-3.00,36538
0,0,0.00,2.00,3.00,36561
0,0,2.00,-8.00,-1.00,36584
0,0,0.00,10.00,5.00,36607
0,0,16.00,0.00,-5.00,36631
0,0,0.00,2.00,-13.00,36654
0,0,4.00,-2.00,-5.00,36677
0,0,-10.00,26.00,7.00,36700
0,0,-12.00,-16.00,-11.00,36724
0,0,4.00,8.00,1.00,36747
0,0,-6.00,-6.00,1.00,36770
0,0,8.00,-6.00,-21.00,36794
0,0,2.00,-2.00,-7.00,36817
0,0,-8.00,-6.00,21.00,36840
0,0,-2.00,0.00,-1.00,36863
0,0,-2.00,0.00,-9.00,36887
0,0,8.00,-4.00,-17.00,36910
0,0,-4.00,16.00,-21.00,36933
0,0,8.00,-30.00,5.00,36956
0,0,2.00,24.00,1.00,37000
0,0,-6.00,4.00,19.00,37024
0,0,0.00,14.00,-5.00,37047
0,0,0.00,-22.00,7.00,37070
0,0,8.00,0.00,17.00,37093
0,0,-12.00,10.00,25.00,37116
0,0,-6.00,16.00,19.00,37139
0,0,6.00,-10.00,3.00,37163
0,0,8.00,20.00,-3.00,37186
0,0,-2.00,-2.00,5.00,37209
0,0,-20.00,-2.00,-17.00,37232
0,0,18.00,-66.00,9.00,37255
0,0,-50.00,-24.00,-1.00,37278
0,0,40.00,18.00,-27.00,37301
0,0,-44.00,50.00,33.00,37324
0,0,28.00,18.00,-45.00,37347
0,0,6.00,4.00,21.00,37370
0,0,-30.00,14.00,15.00,37392
0,0,14.00,-14.00,13.00,37416
0,0,-10.00,44.00,17.00,37438
0,0,-6.00,4.00,-29.00,37461
0,0,20.00,24.00,39.00,37484
0,0,8.00,28.00,-35.00,37508
0,0,-6.00,2.00,27.00,37531
0,0,4.00,-30.00,-17.00,37554
0,0,0.00,4.00,11.00,37577
0,0,10.00,12.00,-1.00,37601
0,0,8.00,108.00,27.00,37624
0,0,20.00,-4.00,-17.00,37647
0.00,0.00,14.00,-6.00,-17.00,37933
0.00,0.00,-76.00,-36.00,-1.00,37999
0.00,0.00,-4.00,38.00,-19.00,38064
0.00,0.00,42.00,-8.00,-15.00,38129
0.00,0.00,10.00,-30.00,1.00,38194
0.00,0.00,10.00,12.00,45.00,38259
0.00,0.00,10.00,26.00,-7.00,38324
0.00,0.00,-2.00,10.00,-11.00,38390
0.00,0.00,-6.00,14.00,9.00,38455
0.00,0.00,8.00,-6.00,9.00,38520
0,0,-6.00,-10.00,11.00,38543
0,0,4.00,0.00,-11.00,38566
0,0,-2.00,-8.00,-5.00,38589
0,0,0.00,0.00,-9.00,38613
0,0,6.00,0.00,13.00,38636
0,0,-16.00,6.00,33.00,38659
0,0,-4.00,-10.00,-29.00,38682
0,0,2.00,2.00,7.00,38705
0,0,-2.00,-14.00,-13.00,38728
0,0,20.00,20.00,13.00,38751
0,0,6.00,8.00,-9.00,38775
0,0,6.00,-20.00,-9.00,38798
0,0,0.00,0.00,-15.00,38821
0,0,-4.00,0.00,17.00,38844
0,0,2.00,-4.00,-21.00,38868
0,0,-6.00,6.00,-15.00,38891
0,0,-2.00,6.00,27.00,38914
0,0,-4.00,-6.00,21.00,38938
0,0,8.00,6.00,-3.00,38961
0,0,-8.00,-14.00,21.00,38984
0,0,-10.00,-6.00,13.00,39007
0,0,6.00,6.00,-9.00,39030
0,0,6.00,4.00,1.00,39053
0,0,8.00,-12.00,29.00,39076
0,0,6.00,12.00,1.00,39100
0,0,0.00,4.00,-15.00,39123
0,0,10.00,-2.00,-5.00,39146
0,0,4.00,-16.00,-11.00,39169
0,0,-8.00,0.00,15.00,39193
0,0,4.00,6.00,-21.00,39216
0,0,8.00,6.00,-5.00,39239
0,0,-12.00,8.00,-1.00,39262
0,0,0.00,-16.00,19.00,39285
0,0,6.00,4.00,3.00,39308
0,0,-2.00,6.00,-21.00,39331
0,0,8.00,14.00,5.00,39355
0,0,8.00,4.00,11.00,39378
0,0,4.00,-12.00,3.00,39401
0,0,-8.00,-6.00,3.00,39424
0,0,4.00,-8.00,-3.00,39448
0,0,-2.00,22.00,-11.00,39471
0,0,-4.00,-2.00,3.00,39494
0,0,-4.00,-2.00,13.00,39517
0,0,-6.00,12.00,1.00,39540
0,0,-4.00,0.00,-7.00,39564
0,0,0.00,0.00,7.00,39587
0,0,10.00,-2.00,-9.00,39610
0,0,0.00,6.00,3.00,39633
0,0,4.00,-10.00,7.00,39656
0,0,14.00,6.00,-7.00,39679
0,0,2.00,6.00,9.00,39702
0,0,2.00,-6.00,7.00,39725
0,0,24.00,-18.00,-1.00,39748
0,0,10.00,-18.00,-1.00,39772
0,0,2.00,-40.00,-1.00,39796
0,0,16.00,-22.00,-5.00,39819
0,0,4.00,-32.00,-17.00,39843
0,0,-10.00,20.00,9.00,39866
0,0,-12.00,0.00,7.00,39889
0,0,-26.00,16.00,-1.00,39912
0,0,-2.00,-28.00,-9.00,39936
0,0,-6.00,18.00,-11.00,39959
0,0,-24.00,-10.00,3.00,39982
0,0,8.00,10.00,9.00,40006
0,0,-16.00,30.00,-17.00,40029
0,0,4.00,2.00,13.00,40052
0,0,-14.00,14.00,1.00,40075
0,0,-16.00,-26.00,-1.00,40099
0,0,-8.00,0.00,-17.00,40122
0,0,-12.00,2.00,-17.00,40145
0,0,26.00,-40.00,11.00,40168
0,0,10.00,-14.00,-17.00,40191
0,0,0.00,-16.00,-25.00,40215
0,0,-2.00,-18.00,15.00,40238
0,0,8.00,-6.00,-9.00,40261
0,0,-2.00,-14.00,17.00,40285
0,0,-6.00,34.00,-3.00,40308
0,0,-14.00,8.00,9.00,40331
0,0,2.00,14.00,11.00,40354
0,0,-16.00,8.00,-3.00,40377
0,0,-2.00,-16.00,-5.00,40400
0,0,-8.00,14.00,-1.00,40424
0,0,4.00,4.00,21.00,40447
0,0,-18.00,10.00,-33.00,40470
0,0,2.00,4.00,-5.00,40493
0,0,6.00,-6.00,-15.00,40516
0,0,-4.00,-32.00,-19.00,40540
0,0,-4.00,10.00,-7.00,40563
0,0,-20.00,-36.00,-9.00,40586
0,0,-12.00,14.00,7.00,40609
0,0,-6.00,-24.00,-1.00,40632
0,0,0.00,8.00,1.00,40655
0,0,-22.00,0.00,5.00,40679
0,0,2.00,-2.00,25.00,40702
0,0,14.00,14.00,25.00,40725
0,0,-10.00,-20.00,13.00,40748
0,0,-18.00,14.00,23.00,40771
0,0,-8.00,10.00,-11.00,40794
0,0,2.00,16.00,31.00,40818
0,0,-26.00,-26.00,9.00,40841
0,0,-2.00,6.00,-13.00,40864
0,0,-16.00,-4.00,13.00,40887
0,0,2.00,-6.00,5.00,40911
0,0,-12.00,0.00,19.00,40934
0,0,-4.00,10.00,-11.00,40957
0,0,-22.00,0.00,3.00,40980
0,0,-2.00,10.00,15.00,41003
0,0,4.00,30.00,-9.00,41026
0,0,-10.00,2.00,-27.00,41049
0,0,-2.00,30.00,-1.00,41072
0,0,-18.00,8.00,-1.00,41095
0,0,-22.00,8.00,3.00,41118
0,0,14.00,20.00,-17.00,41141
0,0,-18.00,4.00,-3.00,41164
0,0,-4.00,4.00,-3.00,41187
0,0,-14.00,2.00,-7.00,41211
0,0,-14.00,-20.00,-1.00,41234
0,0,4.00,4.00,-1.00,41257
0,0,8.00,8.00,5.00,41280
0,0,6.00,20.00,-19.00,41303
0,0,-6.00,12.00,-1.00,41326
0,0,16.00,28.00,11.00,41349
0,0,-24.00,-8.00,-1.00,41372
0,0,6.00,18.00,-3.00,41395
0,0,-4.00,0.00,3.00,41418
0,0,-6.00,28.00,-15.00,41441
0,0,18.00,-8.00,21.00,41465
0,0,-14.00,32.00,7.00,41488
0,0,0.00,0.00,3.00,41511
0,0,14.00,36.00,5.00,41534
0,0,6.00,12.00,9.00,41557
0,0,10.00,4.00,5.00,41580
0,0,-12.00,24.00,-3.00,41603
0,0,32.00,16.00,3.00,41626
0,0,-10.00,8.00,-5.00,41649
0,0,-6.00,26.00,-13.00,41672
0,0,14.00,14.00,7.00,41695
0,0,-6.00,12.00,3.00,41718
0,0,-12.00,8.00,25.00,41741
0,0,22.00,8.00,-9.00,41764
0,0,2.00,10.00,13.00,41787
0,0,-8.00,20.00,-9.00,41810
0,0,2.00,4.00,-1.00,41833
0,0,4.00,10.00,-9.00,41856
0,0,4.00,8.00,9.00,41879
0,0,18.00,12.00,23.00,41903
0,0,-6.00,20.00,-3.00,41926
0,0,12.00,-14.00,13.00,41949
0,0,6.00,-32.00,15.00,41972
0,0,10.00,6.00,3.00,41996
0,0,8.00,-12.00,13.00,42019
0,0,10.00,36.00,21.00,42043
0,0,10.00,10.00,-5.00,42066
0,0,14.00,-18.00,1.00,42089
0,0,-2.00,18.00,23.00,42112
0,0,20.00,4.00,-5.00,42135
0,0,-2.00,2.00,19.00,42158
0,0,14.00,-4.00,-11.00,42181
0,0,26.00,-6.00,15.00,42205
0,0,0.00,-2.00,1.00,42228
0,0,-4.00,-40.00,5.00,42251
0,0,16.00,-18.00,3.00,42274
0,0,20.00,0.00,-7.00,42297
0,0,4.00,-4.00,9.00,42320
0,0,30.00,40.00,15.00,42343
0,0,-18.00,-34.00,11.00,42367
0,0,6.00,6.00,3.00,42390
0,0,20.00,18.00,-5.00,42413
0,0,2.00,-16.00,17.00,42436
0,0,14.00,14.00,-13.00,42459
0,0,8.00,-28.00,7.00,42483
0,0,6.00,-2.00,5.00,42506
0,0,24.00,4.00,7.00,42529
0,0,-10.00,-48.00,-15.00,42552
0,0,20.00,20.00,-13.00,42575
0,0,0.00,-10.00,11.00,42599
0,0,-24.00,8.00,-5.00,42622
0,0,22.00,-30.00,25.00,42645
0,0,-20.00,-6.00,1.00,42668
0,0,18.00,-30.00,13.00,42692
0,0,-18.00,-26.00,1.00,42715
0,0,14.00,-4.00,-1.00,42738
0,0,-24.00,-36.00,29.00,42761
0,0,12.00,6.00,-27.00,42784
0,0,-2.00,-20.00,25.00,42808
0,0,-28.00,16.00,-15.00,42831
0,0,4.00,-42.00,27.00,42854
0,0,-10.00,6.00,-3.00,42877
0,0,2.00,-24.00,-171.00,42901
0,0,-12.00,22.00,21.00,42924
0,0,-16.00,-20.00,-3.00,42947
0,0,-14.00,-10.00,21.00,42970
0,0,-44.00,10.00,-33.00,42994
0,0,10.00,-50.00,51.00,43017
0,0,-20.00,20.00,-45.00,43040
0,0,-2.00,-40.00,13.00,43063
0,0,-18.00,40.00,-5.00,43086
0,0,-24.00,-18.00,-5.00,43109
0,0,14.00,14.00,-1.00,43133
0,0,-40.00,-34.00,-9.00,43156
0,0,4.00,48.00,-9.00,43179
0,0,-52.00,-54.00,-5.00,43202
0,0,10.00,44.00,19.00,43225
0,0,-40.00,-48.00,7.00,43249
0,0,26.00,48.00,-1.00,43272
0,0,-44.00,-44.00,-1.00,43295
0,0,12.00,10.00,7.00,43319
0,0,-56.00,4.00,-3.00,43342
0,0,6.00,14.00,-1.00,43365
0,0,-18.00,46.00,-5.00,43388
0,0,-16.00,-16.00,-1.00,43412
0,0,2.00,32.00,-9.00,43435
0,0,-40.00,-30.00,-15.00,43459
0,0,-12.00,8.00,-21.00,43482
0,0,-22.00,26.00,-11.00,43505
0,0,-6.00,4.00,-1.00,43528
0,0,-8.00,26.00,-23.00,43551
0,0,-18.00,0.00,-15.00,43575
0,0,22.00,32.00,-3.00,43598
0,0,-36.00,-24.00,-19.00,43621
0,0,28.00,32.00,1.00,43644
0,0,-18.00,42.00,13.00,43667
0,0,14.00,34.00,15.00,43690
0,0,-22.00,32.00,27.00,43713
0,0,22.00,20.00,-1.00,43736
0,0,-28.00,2.00,3.00,43759
0,0,20.00,8.00,-9.00,43782
0,0,-2.00,-16.00,9.00,43805
0,0,-16.00,34.00,-5.00,43828
0,0,12.00,24.00,19.00,43851
0,0,26.00,28.00,-31.00,43874
0,0,16.00,38.00,-15.00,43897
0,0,14.00,4.00,-13.00,43921
0,0,10.00,40.00,-7.00,43944
0,0,-8.00,12.00,21.00,43967
0,0,10.00,-2.00,13.00,43990
0,0,4.00,6.00,-7.00,44013
0,0,10.00,18.00,7.00,44036
0,0,14.00,24.00,7.00,44060
0,0,40.00,-18.00,1.00,44083
0,0,12.00,30.00,17.00,44106
0,0,4.00,16.00,-21.00,44129
0,0,20.00,10.00,19.00,44152
0,0,14.00,10.00,11.00,44175
0,0,20.00,-12.00,-7.00,44198
0,0,12.00,0.00,1.00,44221
0,0,40.00,16.00,-1.00,44245
0,0,30.00,-24.00,19.00,44268
0,0,18.00,-12.00,-11.00,44291
0,0,12.00,-10.00,11.00,44314
0,0,22.00,-14.00,23.00,44337
0,0,20.00,-4.00,31.00,44360
0,0,4.00,-36.00,7.00,44383
0,0,26.00,-12.00,-1.00,44407
0,0,10.00,-44.00,-3.00,44430
0,0,16.00,-10.00,11.00,44453
0,0,6.00,-18.00,13.00,44477
0,0,2.00,-28.00,-9.00,44500
0,0,10.00,-20.00,-1.00,44523
0,0,-34.00,-38.00,27.00,44546
0,0,52.00,2.00,-5.00,44569
0,0,-68.00,-60.00,9.00,44592
0,0,80.00,-18.00,-13.00,44615
0,0,-20.00,-46.00,21.00,44638
0,0,-18.00,36.00,-17.00,44661
0,0,6.00,-74.00,3.00,44684
0,0,0.00,28.00,-1.00,44707
0,0,0.00,-48.00,-5.00,44730
0,0,-20.00,-16.00,15.00,44754
0,0,-30.00,14.00,-37.00,44777
0,0,-10.00,-56.00,43.00,44800
0,0,-42.00,32.00,-13.00,44823
0,0,-10.00,-28.00,9.00,44846
0,0,-4.00,18.00,1.00,44870
0,0,-36.00,-34.00,-23.00,44893
0,0,-12.00,-8.00,13.00,44916
0,0,-34.00,-20.00,-9.00,44939
0,0,-4.00,-16.00,17.00,44962
0,0,-42.00,20.00,-5.00,44985
0,0,-28.00,-46.00,5.00,45008
0,0,-12.00,32.00,-3.00,45031
0,0,-32.00,-26.00,-7.00,45055
0,0,-14.00,12.00,3.00,45078
0,0,-40.00,36.00,-23.00,45101
0,0,-12.00,-20.00,-13.00,45124
0,0,-18.00,30.00,-9.00,45147
0,0,-24.00,22.00,9.00,45171
0,0,-12.00,56.00,-3.00,45194
0,0,-52.00,36.00,13.00,45217
0,0,12.00,42.00,3.00,45240
0,0,-42.00,24.00,-9.00,45263
0,0,4.00,18.00,9.00,45286
0,0,-16.00,48.00,-13.00,45309
0,0,-2.00,36.00,11.00,45332
0,0,8.00,8.00,-3.00,45356
0,0,-4.00,38.00,5.00,45379
0,0,26.00,20.00,-1.00,45402
0,0,6.00,-4.00,11.00,45425
0,0,8.00,22.00,-25.00,45448
0,0,16.00,4.00,17.00,45471
0,0,-6.00,40.00,-5.00,45494
0,0,22.00,38.00,-3.00,45517
0,0,20.00,14.00,-29.00,45540
0,0,0.00,26.00,-25.00,45563
0,0,30.00,-16.00,13.00,45587
0,0,14.00,36.00,-29.00,45610
0,0,10.00,34.00,-1.00,45633
0,0,30.00,14.00,39.00,45656
0,0,30.00,48.00,17.00,45679
0,0,24.00,16.00,-17.00,45703
0,0,14.00,2.00,11.00,45726
0,0,36.00,30.00,1.00,45749
0,0,14.00,-4.00,-17.00,45772
0,0,34.00,-12.00,7.00,45795
0,0,32.00,4.00,-15.00,45819
0,0,12.00,-50.00,-5.00,45842
0,0,12.00,-32.00,37.00,45865
0,0,26.00,2.00,13.00,45888
0,0,30.00,-36.00,-7.00,45912
0,0,10.00,20.00,-7.00,45935
0,0,36.00,-46.00,9.00,45958
0,0,24.00,-50.00,-5.00,45981
0,0,18.00,-66.00,-19.00,46004
0,0,26.00,-52.00,11.00,46027
0,0,30.00,-56.00,-9.00,46050
0,0,-8.00,-60.00,3.00,46073
0,0,8.00,-46.00,-7.00,46097
0,0,-14.00,-44.00,23.00,46120
0,0,6.00,-18.00,15.00,46143
0,0,-10.00,-58.00,13.00,46166
0,0,4.00,-32.00,1.00,46189
0,0,-26.00,-38.00,5.00,46212
0,0,4.00,-56.00,1.00,46236
0,0,-26.00,-32.00,-31.00,46259
0,0,-6.00,-32.00,25.00,46282
0,0,-30.00,-68.00,-9.00,46306
0,0,-22.00,32.00,-23.00,46329
0,0,-4.00,-30.00,-37.00,46352
0,0,-12.00,-58.00,59.00,46376
0,0,-28.00,70.00,-23.00,46399
0,0,-42.00,-86.00,1.00,46423
0,0,-6.00,34.00,35.00,46446
0,0,-36.00,-16.00,-5.00,46469
0,0,12.00,8.00,15.00,46492
0,0,-52.00,6.00,21.00,46516
0,0,-18.00,4.00,35.00,46539
0,0,-34.00,12.00,-9.00,46562
0,0,-42.00,8.00,21.00,46585
0,0,-24.00,12.00,-3.00,46608
0,0,-30.00,4.00,-5.00,46631
0,0,-6.00,14.00,-3.00,46654
0,0,-38.00,40.00,-13.00,46677
0,0,4.00,30.00,-5.00,46700
0,0,-20.00,10.00,17.00,46724
0,0,24.00,76.00,7.00,46747
0,0,-52.00,-4.00,37.00,46770
0,0,12.00,62.00,-35.00,46793
0,0,-42.00,0.00,13.00,46816
0,0,16.00,84.00,-41.00,46839
0,0,-8.00,10.00,33.00,46862
0,0,28.00,64.00,-43.00,46885
0,0,-28.00,30.00,35.00,46908
0,0,36.00,44.00,-17.00,46931
0,0,-8.00,68.00,63.00,46954
0,0,6.00,50.00,-25.00,46977
0,0,30.00,24.00,1.00,47000
0,0,2.00,22.00,5.00,47024
0,0,2.00,18.00,25.00,47047
0,0,18.00,18.00,-11.00,47070
0,0,14.00,16.00,-5.00,47093
0,0,28.00,-18.00,7.00,47117
0,0,20.00,2.00,-29.00,47140
0,0,16.00,6.00,13.00,47163
0,0,42.00,-6.00,1.00,47186
0,0,28.00,26.00,25.00,47209
0,0,14.00,-10.00,-21.00,47232
0,0,42.00,2.00,7.00,47256
0,0,40.00,18.00,11.00,47279
0,0,10.00,-8.00,17.00,47302
0,0,28.00,-16.00,9.00,47325
0,0,30.00,-32.00,1.00,47348
0,0,48.00,-28.00,17.00,47371
0,0,16.00,-40.00,5.00,47394
0,0,42.00,-30.00,17.00,47417
0,0,2.00,10.00,49.00,47440
0,0,10.00,-28.00,21.00,47463
0,0,18.00,-32.00,5.00,47487
0,0,-8.00,-10.00,5.00,47510
0,0,16.00,-16.00,-1.00,47534
0,0,32.00,-34.00,21.00,47557
0,0,-4.00,-38.00,9.00,47580
0,0,2.00,-14.00,5.00,47603
0,0,-4.00,-48.00,9.00,47626
0,0,-6.00,-32.00,17.00,47649
0,0,-8.00,-10.00,13.00,47673
0,0,-6.00,-32.00,3.00,47696
0,0,-8.00,-14.00,21.00,47719
0,0,-20.00,-32.00,31.00,47742
0,0,-24.00,-16.00,-7.00,47766
0,0,-32.00,-28.00,3.00,47789
0,0,-12.00,-32.00,3.00,47812
0,0,-20.00,-28.00,-11.00,47835
0,0,-6.00,-16.00,-3.00,47858
0,0,-10.00,-20.00,13.00,47881
0,0,-30.00,6.00,13.00,47904
0,0,-24.00,8.00,-5.00,47927
0,0,-46.00,2.00,-15.00,47951
0,0,12.00,16.00,13.00,47974
0,0,-48.00,16.00,25.00,47997
0,0,-22.00,30.00,-19.00,48020
0,0,-34.00,-76.00,17.00,48044
0,0,8.00,114.00,-33.00,48067
0,0,-52.00,-42.00,19.00,48090
0,0,16.00,44.00,-7.00,48113
0,0,-60.00,-6.00,19.00,48136
0,0,-4.00,22.00,-7.00,48159
0,0,-34.00,42.00,-9.00,48182
0,0,-10.00,4.00,21.00,48205
0,0,-18.00,48.00,-1.00,48228
0,0,-22.00,16.00,-19.00,48251
0,0,12.00,64.00,-15.00,48274
0,0,-28.00,36.00,1.00,48297
0,0,14.00,48.00,-23.00,48320
0,0,6.00,40.00,-7.00,48343
0,0,30.00,50.00,3.00,48366
0,0,-16.00,10.00,5.00,48389
0,0,30.00,46.00,1.00,48412
0,0,-8.00,20.00,17.00,48435
0,0,52.00,62.00,-1.00,48459
0,0,-4.00,44.00,29.00,48482
0,0,18.00,88.00,3.00,48506
0,0,34.00,-14.00,1.00,48529
0,0,52.00,38.00,-17.00,48552
0,0,-14.00,14.00,-3.00,48576
0,0,48.00,0.00,-13.00,48599
0,0,12.00,24.00,21.00,48621
0,0,32.00,30.00,7.00,48644
0,0,22.00,-16.00,9.00,48667
0,0,22.00,14.00,-17.00,48691
0,0,48.00,34.00,-5.00,48714
0,0,44.00,-6.00,13.00,48737
0,0,18.00,-6.00,19.00,48760
0,0,32.00,-14.00,23.00,48783
0,0,16.00,12.00,9.00,48806
0,0,30.00,6.00,41.00,48830
0,0,28.00,-38.00,1.00,48853
0,0,42.00,-28.00,15.00,48876
0,0,34.00,-46.00,-3.00,48899
0,0,10.00,-34.00,5.00,48922
0,0,18.00,-36.00,-9.00,48946
0,0,20.00,-50.00,-19.00,48969
0,0,-4.00,-54.00,39.00,48992
0,0,8.00,-46.00,27.00,49015
0,0,40.00,-2.00,7.00,49038
0,0,-22.00,-52.00,55.00,49061
0,0,16.00,-40.00,-9.00,49084
0,0,6.00,-34.00,19.00,49107
0,0,-6.00,-28.00,-15.00,49130
0,0,-4.00,-22.00,31.00,49154
0,0,-16.00,-46.00,-11.00,49177
0,0,-6.00,-32.00,-5.00,49200
0,0,-2.00,-22.00,25.00,49224
0,0,-24.00,-20.00,-33.00,49247
0,0,-20.00,-40.00,39.00,49270
0,0,-18.00,-4.00,9.00,49293
0,0,-26.00,-70.00,-23.00,49316
0,0,-18.00,22.00,13.00,49339
0,0,-60.00,14.00,35.00,49363
0,0,-18.00,-30.00,1.00,49386
0,0,-44.00,26.00,-13.00,49409
0,0,-24.00,-10.00,43.00,49432
0,0,-24.00,-36.00,1.00,49455
0,0,-16.00,14.00,-15.00,49478
0,0,-22.00,-6.00,-1.00,49501
0,0,-24.00,28.00,17.00,49524
0,0,-16.00,28.00,-9.00,49547
0,0,-52.00,-20.00,-7.00,49570
0,0,0.00,54.00,1.00,49593
0,0,-30.00,4.00,-1.00,49616
0,0,-28.00,18.00,-25.00,49640
0,0,14.00,44.00,7.00,49663
0,0,-42.00,-26.00,3.00,49687
0,0,-6.00,70.00,19.00,49710
0,0,18.00,58.00,-1.00,49733
0,0,-60.00,-8.00,9.00,49756
0,0,30.00,68.00,17.00,49779
0,0,-10.00,8.00,15.00,49802
0,0,20.00,96.00,1.00,49825
0,0,-28.00,-2.00,21.00,49848
0,0,26.00,80.00,-41.00,49871
0,0,-16.00,-4.00,11.00,49895
0,0,22.00,54.00,-15.00,49918
0,0,8.00,4.00,7.00,49941
0,0,8.00,54.00,-7.00,49964
0,0,2.00,46.00,-21.00,49987
0,0,52.00,-2.00,-19.00,50010
0,0,-2.00,30.00,1.00,50033
0,0,50.00,0.00,-21.00,50056
0,0,46.00,24.00,-1.00,50079
0,0,20.00,42.00,1.00,50102
0,0,32.00,-30.00,23.00,50125
0,0,26.00,40.00,-43.00,50148
0,0,30.00,26.00,13.00,50171
0,0,28.00,-36.00,-9.00,50194
0,0,32.00,12.00,-29.00,50217
0,0,36.00,-22.00,-5.00,50240
0,0,16.00,10.00,-1.00,50263
0,0,22.00,0.00,-1.00,50286
0,0,18.00,-14.00,11.00,50309
0,0,26.00,-48.00,-7.00,50332
0,0,24.00,-50.00,-5.00,50356
0,0,20.00,-26.00,-1.00,50379
0,0,6.00,-52.00,-9.00,50402
0,0,10.00,-36.00,-15.00,50425
0,0,26.00,-38.00,1.00,50448
0,0,-8.00,-54.00,-3.00,50471
0,0,-4.00,-28.00,9.00,50494
0,0,22.00,-62.00,13.00,50517
0,0,0.00,-28.00,17.00,50540
0,0,-6.00,-30.00,7.00,50563
0,0,-6.00,-14.00,21.00,50587
0,0,-4.00,-52.00,-9.00,50610
0,0,-10.00,-14.00,-3.00,50633
0,0,-22.00,-28.00,-9.00,50657
0,0,0.00,4.00,-21.00,50680
0,0,-36.00,-10.00,-7.00,50703
0,0,-38.00,-8.00,13.00,50726
0,0,-12.00,-26.00,3.00,50750
0,0,-48.00,6.00,-13.00,50773
0,0,-30.00,-50.00,11.00,50796
0,0,-44.00,20.00,-49.00,50819
0,0,-48.00,-16.00,-21.00,50843
0,0,-26.00,-14.00,11.00,50866
0,0,-42.00,30.00,-13.00,50889
0,0,-30.00,-42.00,-11.00,50912
0,0,-26.00,-14.00,3.00,50936
0,0,-36.00,16.00,-25.00,50959
0,0,-46.00,-26.00,33.00,50982
0,0,-26.00,42.00,-17.00,51005
0,0,-36.00,-56.00,13.00,51028
0,0,4.00,36.00,-1.00,51052
0,0,-48.00,14.00,-1.00,51075
0,0,-10.00,16.00,23.00,51098
0,0,-46.00,32.00,11.00,51121
0,0,2.00,24.00,-15.00,51144
0,0,-18.00,36.00,21.00,51167
0,0,0.00,38.00,-3.00,51190
0,0,-40.00,14.00,-5.00,51214
0,0,18.00,50.00,-7.00,51237
0,0,-26.00,36.00,17.00,51260
0,0,26.00,38.00,-3.00,51283
0,0,-20.00,76.00,21.00,51306
0,0,20.00,30.00,11.00,51329
0,0,-24.00,38.00,-7.00,51352
0,0,76.00,64.00,11.00,51375
0,0,-44.00,36.00,31.00,51398
0,0,46.00,28.00,-21.00,51421
0,0,-4.00,0.00,9.00,51444
0,0,-4.00,56.00,-47.00,51467
0,0,14.00,-18.00,17.00,51491
0,0,16.00,52.00,-9.00,51514
0,0,22.00,0.00,47.00,51537
0,0,36.00,20.00,-5.00,51560
0,0,34.00,24.00,1.00,51583
0,0,28.00,-6.00,5.00,51606
0,0,28.00,30.00,15.00,51629
0,0,34.00,-36.00,19.00,51652
0,0,8.00,6.00,9.00,51675
0,0,46.00,2.00,-15.00,51699
0,0,48.00,-18.00,1.00,51722
0,0,28.00,2.00,5.00,51745
0,0,6.00,-58.00,-1.00,51768
0,0,50.00,14.00,-47.00,51791
0,0,2.00,-42.00,47.00,51814
0,0,34.00,0.00,25.00,51837
0,0,4.00,-6.00,3.00,51860
0,0,34.00,-32.00,17.00,51883
0,0,-12.00,-48.00,-5.00,51907
0,0,48.00,18.00,1.00,51930
0,0,-4.00,-28.00,-11.00,51953
0,0,0.00,-8.00,-13.00,51976
0,0,-8.00,-58.00,17.00,51999
0,0,4.00,0.00,17.00,52022
0,0,-12.00,-32.00,-15.00,52046
0,0,6.00,-18.00,9.00,52069
0,0,8.00,-18.00,-1.00,52093
0,0,-26.00,-6.00,1.00,52116
0,0,-6.00,-34.00,15.00,52140
0,0,-10.00,-42.00,-7.00,52163
0,0,-24.00,-18.00,19.00,52186
0,0,-12.00,-38.00,-15.00,52209
0,0,-36.00,-10.00,-5.00,52232
0,0,-32.00,-2.00,27.00,52256
0,0,-20.00,-22.00,29.00,52279
0,0,-16.00,-8.00,-1.00,52302
0,0,-24.00,16.00,-9.00,52325
0,0,-34.00,-28.00,27.00,52348
0,0,-14.00,18.00,-19.00,52371
0,0,-18.00,-14.00,-1.00,52395
0,0,-22.00,12.00,13.00,52418
0,0,-26.00,-4.00,1.00,52441
0,0,-4.00,20.00,-11.00,52464
0,0,-44.00,20.00,-13.00,52488
0,0,-24.00,2.00,-19.00,52511
0,0,-30.00,38.00,41.00,52534
0,0,-24.00,40.00,17.00,52557
0,0,-18.00,22.00,-17.00,52580
0,0,-8.00,46.00,1.00,52602
0,0,-40.00,12.00,21.00,52625
0,0,8.00,30.00,-11.00,52649
0,0,-32.00,16.00,-1.00,52672
0,0,20.00,50.00,1.00,52695
0,0,2.00,48.00,9.00,52718
0,0,18.00,42.00,-11.00,52741
0,0,-16.00,54.00,11.00,52764
0,0,16.00,42.00,3.00,52788
0,0,6.00,2.00,-11.00,52811
0,0,10.00,40.00,-1.00,52834
0,0,22.00,26.00,-5.00,52857
0,0,6.00,10.00,27.00,52881
0,0,32.00,42.00,1.00,52904
0,0,38.00,26.00,-1.00,52927
0,0,36.00,30.00,-5.00,52951
0,0,28.00,-54.00,-3.00,52974
0,0,4.00,58.00,-13.00,52997
0,0,16.00,-32.00,-5.00,53020
0,0,32.00,20.00,39.00,53044
0,0,8.00,16.00,-31.00,53067
0,0,42.00,-12.00,45.00,53091
0,0,24.00,12.00,-41.00,53114
0,0,48.00,-12.00,31.00,53137
0,0,28.00,-8.00,-23.00,53160
0,0,14.00,6.00,3.00,53183
0,0,36.00,-24.00,1.00,53206
0,0,-18.00,-28.00,-13.00,53229
0,0,22.00,-20.00,23.00,53252
0,0,22.00,-40.00,-3.00,53276
0,0,26.00,12.00,17.00,53299
0,0,2.00,-30.00,-1.00,53322
0,0,24.00,0.00,-1.00,53345
0,0,0.00,-58.00,3.00,53369
0,0,26.00,8.00,-23.00,53392
0,0,-4.00,-66.00,15.00,53416
0,0,34.00,-12.00,-19.00,53439
0,0,6.00,-24.00,29.00,53462
0,0,-14.00,-10.00,3.00,53485
0,0,-2.00,-52.00,27.00,53509
0,0,16.00,-38.00,-7.00,53532
0,0,-30.00,-18.00,1.00,53555
0,0,-16.00,-32.00,5.00,53578
0,0,-6.00,-32.00,13.00,53602
0,0,-24.00,2.00,-1.00,53625
0,0,-16.00,-52.00,23.00,53648
0,0,-26.00,4.00,7.00,53671
0,0,-42.00,-20.00,11.00,53694
0,0,-16.00,-4.00,27.00,53718
0,0,-40.00,6.00,-13.00,53741
0,0,-32.00,-24.00,-75.00,53764
0,0,-22.00,-46.00,-19.00,53787
0,0,-38.00,14.00,35.00,53810
0,0,-22.00,8.00,-1.00,53833
0,0,-40.00,-28.00,-11.00,53856
0,0,-20.00,12.00,-3.00,53879
0,0,-26.00,-20.00,35.00,53902
0,0,-22.00,14.00,9.00,53925
0,0,-36.00,10.00,-11.00,53948
0,0,-12.00,56.00,-11.00,53971
0,0,-56.00,-14.00,-9.00,53994
0,0,-4.00,36.00,-23.00,54017
0,0,-26.00,14.00,-5.00,54040
0,0,4.00,14.00,5.00,54063
0,0,-24.00,16.00,-7.00,54087
0,0,-16.00,26.00,-1.00,54110
0,0,-10.00,22.00,19.00,54133
0,0,-4.00,60.00,3.00,54156
0,0,-20.00,30.00,-1.00,54179
0,0,4.00,50.00,-1.00,54202
0,0,-10.00,26.00,7.00,54225
0,0,4.00,14.00,-57.00,54248
0,0,2.00,24.00,19.00,54271
0,0,6.00,48.00,3.00,54295
0,0,8.00,12.00,27.00,54318
0,0,6.00,50.00,-5.00,54342
0,0,34.00,-4.00,15.00,54365
0,0,10.00,18.00,-9.00,54389
0,0,6.00,32.00,-3.00,54412
0,0,30.00,20.00,21.00,54435
0,0,24.00,54.00,3.00,54458
0,0,12.00,2.00,-41.00,54481
0,0,46.00,-16.00,1.00,54504
0,0,46.00,20.00,15.00,54527
0,0,14.00,-6.00,25.00,54550
0,0,28.00,32.00,7.00,54573
0,0,64.00,28.00,-9.00,54596
0,0,-12.00,-58.00,25.00,54619
0,0,50.00,54.00,-7.00,54642
0,0,-8.00,-26.00,1.00,54665
0,0,30.00,-50.00,-7.00,54688
0,0,38.00,56.00,-21.00,54712
0,0,-10.00,-72.00,61.00,54735
0,0,60.00,36.00,-25.00,54758
0,0,6.00,-62.00,-1.00,54782
0,0,46.00,-22.00,-13.00,54805
0,0,-28.00,-34.00,-7.00,54828
0,0,34.00,-36.00,-15.00,54852
0,0,-22.00,-24.00,7.00,54875
0,0,20.00,-62.00,1.00,54898
0,0,-8.00,-14.00,13.00,54921
0,0,4.00,-14.00,-1.00,54944
0,0,-18.00,-32.00,17.00,54967
0,0,20.00,-24.00,3.00,54991
0,0,-36.00,-32.00,19.00,55014
0,0,0.00,-48.00,-19.00,55037
0,0,-30.00,-24.00,51.00,55060
0,0,4.00,0.00,-11.00,55083
0,0,-16.00,-24.00,7.00,55106
0,0,-50.00,0.00,13.00,55129
0,0,-30.00,-28.00,33.00,55152
0,0,-28.00,-46.00,5.00,55176
0,0,-38.00,14.00,-23.00,55199
0,0,-8.00,-32.00,-1.00,55222
0,0,-20.00,-30.00,-27.00,55246
0,0,-16.00,12.00,-21.00,55269
0,0,-22.00,-14.00,15.00,55292
0,0,-30.00,12.00,-25.00,55315
0,0,-32.00,-4.00,1.00,55338
0,0,-6.00,-22.00,5.00,55361
0,0,-30.00,36.00,-9.00,55385
0,0,-24.00,6.00,7.00,55408
0,0,-30.00,24.00,11.00,55431
0,0,-12.00,18.00,-3.00,55454
0,0,-22.00,36.00,17.00,55477
0,0,-40.00,18.00,-39.00,55500
0,0,2.00,10.00,33.00,55523
0,0,-18.00,22.00,-7.00,55546
0,0,-54.00,30.00,17.00,55569
0,0,6.00,26.00,-15.00,55592
0,0,-16.00,38.00,39.00,55615
0,0,-28.00,20.00,19.00,55639
0,0,20.00,50.00,-21.00,55662
0,0,-6.00,10.00,19.00,55685
0,0,4.00,28.00,-21.00,55708
0,0,14.00,44.00,11.00,55731
0,0,-2.00,36.00,7.00,55754
0,0,16.00,34.00,33.00,55777
0,0,26.00,24.00,-5.00,55800
0,0,2.00,62.00,-19.00,55823
0,0,34.00,14.00,17.00,55846
0,0,26.00,44.00,-27.00,55869
0,0,2.00,-2.00,1.00,55892
0,0,46.00,30.00,35.00,55915
0,0,8.00,42.00,-35.00,55938
0,0,16.00,-12.00,27.00,55961
0,0,20.00,42.00,-15.00,55984
0,0,32.00,-6.00,1.00,56008
0,0,26.00,18.00,31.00,56031
0,0,16.00,34.00,-3.00,56054
0,0,54.00,-34.00,11.00,56077
0,0,16.00,10.00,-19.00,56100
0,0,38.00,4.00,-3.00,56123
0,0,-4.00,-28.00,11.00,56147
0,0,28.00,18.00,-1.00,56170
0,0,12.00,-50.00,3.00,56193
0,0,28.00,-26.00,7.00,56216
0,0,40.00,-34.00,13.00,56240
0,0,-20.00,-32.00,13.00,56263
0,0,46.00,36.00,-23.00,56286
0,0,-2.00,-14.00,21.00,56309
0,0,-46.00,-42.00,7.00,56332
0,0,38.00,-42.00,-19.00,56356
0,0,-46.00,-36.00,31.00,56379
0,0,28.00,2.00,11.00,56402
0,0,-12.00,-46.00,1.00,56425
0,0,14.00,2.00,-19.00,56449
0,0,-38.00,-58.00,51.00,56472
0,0,-16.00,14.00,-29.00,56495
0,0,-22.00,-48.00,41.00,56518
0,0,-10.00,-26.00,11.00,56541
0,0,-16.00,-56.00,-7.00,56564
0,0,-8.00,-28.00,-11.00,56587
0,0,-38.00,14.00,-19.00,56611
0,0,-16.00,-72.00,11.00,56634
0,0,-24.00,22.00,-1.00,56657
0,0,-34.00,14.00,-7.00,56680
0,0,-2.00,-22.00,47.00,56703
0,0,-30.00,46.00,-17.00,56727
0,0,-20.00,-24.00,37.00,56750
0,0,-20.00,16.00,-13.00,56773
0,0,-32.00,-12.00,3.00,56796
0,0,-10.00,-4.00,5.00,56819
0,0,-48.00,24.00,9.00,56843
0,0,4.00,6.00,9.00,56866
0,0,-42.00,-4.00,-27.00,56889
0,0,-18.00,48.00,-7.00,56912
0,0,-32.00,10.00,-15.00,56935
0,0,-10.00,30.00,-23.00,56958
0,0,-28.00,4.00,29.00,56982
0,0,6.00,48.00,-11.00,57005
0,0,-20.00,34.00,1.00,57028
0,0,4.00,34.00,-3.00,57051
0,0,-14.00,6.00,-23.00,57074
0,0,-6.00,44.00,29.00,57097
0,0,-10.00,40.00,-23.00,57120
0,0,6.00,28.00,9.00,57144
0,0,-4.00,32.00,1.00,57167
0,0,-8.00,44.00,17.00,57190
0,0,12.00,12.00,-23.00,57213
0,0,16.00,46.00,11.00,57236
0,0,2.00,20.00,-5.00,57259
0,0,8.00,38.00,7.00,57282
0,0,0.00,4.00,-5.00,57305
0,0,22.00,32.00,5.00,57328
0,0,20.00,32.00,-31.00,57351
0,0,36.00,0.00,35.00,57374
0,0,8.00,40.00,-17.00,57397
0,0,20.00,-12.00,11.00,57420
0,0,34.00,10.00,7.00,57443
0,0,24.00,46.00,-7.00,57466
0,0,22.00,-54.00,17.00,57489
0,0,38.00,26.00,13.00,57512
0,0,26.00,6.00,-21.00,57535
0,0,50.00,-48.00,-15.00,57558
0,0,14.00,32.00,-17.00,57581
0,0,8.00,-76.00,19.00,57604
0,0,36.00,22.00,-15.00,57627
0,0,18.00,-52.00,9.00,57650
0,0,8.00,-44.00,7.00,57674
0,0,30.00,-20.00,1.00,57697
0,0,30.00,-24.00,11.00,57720
0,0,4.00,-16.00,-7.00,57743
0,0,38.00,-12.00,27.00,57767
0,0,-26.00,-36.00,23.00,57790
0,0,18.00,-28.00,-19.00,57813
0,0,-26.00,-52.00,-3.00,57837
0,0,12.00,-22.00,-1.00,57860
0,0,-12.00,-52.00,19.00,57883
0,0,-2.00,-50.00,-11.00,57907
0,0,-8.00,8.00,-25.00,57931
0,0,14.00,-44.00,19.00,57954
0,0,-46.00,10.00,-17.00,57977
0,0,10.00,-42.00,7.00,58000
0,0,-48.00,6.00,29.00,58023
0,0,-34.00,-30.00,17.00,58046
0,0,-2.00,-20.00,23.00,58070
0,0,-34.00,24.00,-11.00,58093
0,0,-10.00,-36.00,35.00,58116
0,0,-32.00,-12.00,-9.00,58139
0,0,-26.00,-16.00,-9.00,58162
0,0,-32.00,2.00,1.00,58185
0,0,-42.00,-14.00,-5.00,58208
0,0,-6.00,-38.00,23.00,58231
0,0,-46.00,36.00,-27.00,58254
0,0,-26.00,-16.00,-3.00,58277
0,0,-30.00,-18.00,-5.00,58301
0,0,-10.00,34.00,3.00,58324
0,0,-36.00,-22.00,13.00,58347
0,0,-6.00,50.00,-31.00,58370
0,0,-50.00,-56.00,47.00,58393
0,0,-4.00,70.00,-17.00,58416
0,0,-4.00,2.00,25.00,58439
0,0,10.00,26.00,-13.00,58462
0,0,-54.00,16.00,13.00,58485
0,0,32.00,50.00,5.00,58508
0,0,-50.00,20.00,13.00,58531
0,0,10.00,48.00,9.00,58554
0,0,4.00,30.00,5.00,58577
0,0,-6.00,52.00,-5.00,58600
0,0,6.00,40.00,17.00,58623
0,0,16.00,56.00,-1.00,58646
0,0,4.00,52.00,7.00,58669
0,0,26.00,14.00,13.00,58692
0,0,16.00,32.00,13.00,58715
0,0,6.00,32.00,-13.00,58738
0,0,10.00,36.00,3.00,58761
0,0,42.00,38.00,5.00,58785
0,0,14.00,30.00,1.00,58808
0,0,28.00,20.00,11.00,58831
0,0,22.00,10.00,-5.00,58854
0,0,38.00,6.00,13.00,58878
0,0,34.00,36.00,33.00,58900
0,0,30.00,-6.00,-3.00,58924
0,0,24.00,38.00,-5.00,58947
0,0,18.00,-2.00,-1.00,58970
0,0,44.00,-2.00,-7.00,58993
0,0,8.00,-20.00,-3.00,59016
0,0,24.00,0.00,3.00,59039
0,0,6.00,-38.00,-1.00,59062
0,0,20.00,-8.00,-3.00,59085
0,0,26.00,0.00,-23.00,59108
0,0,16.00,-30.00,-5.00,59131
0,0,16.00,-8.00,49.00,59154
0,0,0.00,2.00,9.00,59177
0,0,4.00,-34.00,-19.00,59200
0,0,24.00,-4.00,11.00,59223
0,0,4.00,-52.00,-19.00,59246
0,0,14.00,-36.00,-15.00,59269
0,0,4.00,-56.00,37.00,59292
0,0,-10.00,-42.00,7.00,59315
0,0,6.00,-42.00,-23.00,59338
0,0,18.00,-48.00,3.00,59361
0,0,-10.00,-52.00,5.00,59384
0,0,-2.00,-42.00,-19.00,59408
0,0,-8.00,-56.00,-7.00,59431
0,0,-24.00,-30.00,-11.00,59454
0,0,-4.00,-34.00,9.00,59477
0,0,-24.00,-50.00,-5.00,59500
0,0,-38.00,-2.00,23.00,59523
0,0,-14.00,-48.00,-11.00,59546
0,0,-62.00,32.00,-21.00,59569
0,0,-14.00,-50.00,7.00,59592
0,0,-2.00,-12.00,1.00,59615
0,0,-54.00,32.00,-41.00,59638
0,0,2.00,-80.00,37.00,59661
0,0,-20.00,80.00,-31.00,59684
0,0,-24.00,-30.00,13.00,59707
0,0,-28.00,18.00,-15.00,59730
0,0,-48.00,14.00,17.00,59753
0,0,24.00,32.00,21.00,59777
0,0,-92.00,4.00,-25.00,59800
0,0,10.00,54.00,17.00,59824
0,0,-30.00,18.00,-23.00,59847
0,0,-20.00,38.00,9.00,59870
0,0,-24.00,8.00,1.00,59894
0,0,14.00,58.00,-1.00,59917
0,0,-46.00,-2.00,33.00,59940
0,0,22.00,64.00,-25.00,59963
0,0,-30.00,-14.00,17.00,59986
0,0,10.00,30.00,-19.00,60009
0,0,-38.00,-2.00,-17.00,60033
0,0,34.00,58.00,1.00,60056
0,0,8.00,14.00,-11.00,60079
0,0,14.00,72.00,-17.00,60102
0,0,10.00,12.00,-19.00,60126
0,0,20.00,36.00,-13.00,60149
0,0,10.00,0.00,33.00,60173
0,0,18.00,40.00,-7.00,60196
0,0,22.00,14.00,-15.00,60219
0,0,8.00,34.00,11.00,60242
0,0,32.00,32.00,9.00,60265
0,0,46.00,8.00,5.00,60288
0,0,20.00,68.00,9.00,60311
0,0,24.00,-2.00,13.00,60334
0,0,40.00,2.00,-19.00,60357
0,0,10.00,24.00,35.00,60381
0,0,46.00,-54.00,9.00,60404
0,0,18.00,12.00,-27.00,60427
0,0,26.00,18.00,45.00,60450
0,0,32.00,-28.00,1.00,60473
0,0,30.00,-18.00,7.00,60496
0,0,14.00,-30.00,-13.00,60519
0,0,34.00,-20.00,-9.00,60542
0,0,14.00,-6.00,21.00,60565
0,0,36.00,-6.00,-11.00,60588
0,0,2.00,-58.00,7.00,60611
0,0,20.00,-24.00,-15.00,60634
0,0,2.00,-48.00,3.00,60657
0,0,12.00,-56.00,-7.00,60680
0,0,26.00,-40.00,33.00,60703
0,0,0.00,-12.00,19.00,60726
0,0,-18.00,-44.00,-7.00,60749
0,0,10.00,-44.00,29.00,60772
0,0,-18.00,-42.00,-29.00,60795
0,0,-2.00,-52.00,-25.00,60818
0,0,2.00,-42.00,-5.00,60841
0,0,0.00,-44.00,-7.00,60864
0,0,-6.00,-40.00,9.00,60887
0,0,-12.00,-26.00,-1.00,60910
0,0,-16.00,-38.00,15.00,60933
0,0,-30.00,-32.00,-5.00,60956
0,0,-30.00,-28.00,3.00,60980
0,0,-10.00,-10.00,17.00,61003
0,0,-36.00,-4.00,1.00,61026
0,0,-12.00,-40.00,-25.00,61050
0,0,-28.00,-12.00,-11.00,61073
0,0,-42.00,0.00,-21.00,61096
0,0,-34.00,-44.00,-3.00,61120
0,0,-20.00,28.00,-33.00,61143
0,0,-40.00,6.00,11.00,61166
0,0,-6.00,-12.00,9.00,61189
0,0,-12.00,46.00,-11.00,61212
0,0,-52.00,-10.00,21.00,61235
0,0,-34.00,16.00,21.00,61258
0,0,-2.00,52.00,-33.00,61281
0,0,-50.00,-50.00,59.00,61305
0,0,10.00,82.00,-33.00,61328
0,0,-50.00,-54.00,1.00,61351
0,0,8.00,68.00,-5.00,61374
0,0,-44.00,-16.00,1.00,61397
0,0,22.00,66.00,-29.00,61421
0,0,-48.00,10.00,15.00,61444
0,0,18.00,50.00,1.00,61466
0,0,-4.00,28.00,-5.00,61490
0,0,16.00,44.00,3.00,61513
0,0,-16.00,4.00,13.00,61536
0,0,50.00,56.00,-3.00,61559
0,0,-24.00,38.00,19.00,61582
0,0,34.00,46.00,-11.00,61605
0,0,4.00,28.00,-5.00,61628
0,0,4.00,66.00,-13.00,61651
0,0,28.00,44.00,43.00,61675
0,0,22.00,44.00,-7.00,61698
0,0,12.00,20.00,5.00,61721
0,0,28.00,26.00,13.00,61744
0,0,30.00,44.00,-23.00,61767
0,0,16.00,20.00,19.00,61791
0,0,52.00,18.00,11.00,61814
0,0,32.00,20.00,-19.00,61837
0,0,58.00,-34.00,-43.00,61860
0,0,14.00,38.00,11.00,61883
0,0,16.00,-36.00,7.00,61906
0,0,28.00,-8.00,-5.00,61929
0,0,28.00,-6.00,-13.00,61952
0,0,20.00,-58.00,5.00,61975
0,0,44.00,-10.00,-7.00,61998
0,0,6.00,-12.00,-1.00,62022
0,0,30.00,-26.00,-9.00,62045
0,0,10.00,-30.00,-7.00,62068
0,0,24.00,-58.00,3.00,62091
0,0,6.00,-20.00,1.00,62114
0,0,18.00,-30.00,-33.00,62137
0,0,0.00,-42.00,31.00,62160
0,0,6.00,-4.00,35.00,62183
0,0,-2.00,-44.00,9.00,62206
0,0,2.00,-30.00,5.00,62229
0,0,-24.00,8.00,13.00,62252
0,0,8.00,10.00,-7.00,62275
0,0,-2.00,-28.00,17.00,62298
0,0,-26.00,-32.00,-11.00,62322
0,0,8.00,-56.00,9.00,62345
0,0,-12.00,-50.00,17.00,62369
0,0,-24.00,-18.00,-7.00,62392
0,0,-6.00,-58.00,-1.00,62416
0,0,-44.00,20.00,1.00,62439
0,0,-20.00,-40.00,15.00,62462
0,0,-26.00,-28.00,-3.00,62486
0,0,-40.00,0.00,-13.00,62508
0,0,-24.00,-38.00,31.00,62532
0,0,-36.00,-10.00,-49.00,62555
0,0,-34.00,-14.00,29.00,62578
0,0,-24.00,38.00,27.00,62601
0,0,-34.00,18.00,-25.00,62624
0,0,6.00,-4.00,5.00,62647
0,0,-50.00,32.00,1.00,62670
0,0,4.00,14.00,3.00,62694
0,0,-48.00,-42.00,19.00,62717
0,0,-2.00,58.00,-15.00,62740
0,0,-60.00,8.00,45.00,62763
0,0,6.00,80.00,-9.00,62786
0,0,-16.00,24.00,19.00,62809
0,0,-18.00,46.00,-21.00,62832
0,0,-20.00,22.00,5.00,62855
0,0,6.00,50.00,7.00,62878
0,0,-40.00,22.00,11.00,62902
0,0,74.00,58.00,-17.00,62925
0,0,-92.00,0.00,-7.00,62949
0,0,64.00,48.00,-31.00,62972
0,0,-32.00,-34.00,49.00,62995
0,0,14.00,70.00,-25.00,63018
0,0,-30.00,4.00,9.00,63041
0,0,20.00,80.00,-35.00,63065
0,0,-12.00,20.00,11.00,63088
0,0,10.00,22.00,-15.00,63111
0,0,14.00,18.00,-5.00,63134
0,0,14.00,14.00,-25.00,63157
0,0,22.00,56.00,-3.00,63180
0,0,54.00,0.00,43.00,63203
0,0,6.00,52.00,1.00,63226
0,0,22.00,-2.00,-3.00,63250
0,0,38.00,-6.00,23.00,63273
0,0,18.00,46.00,-5.00,63296
0,0,64.00,-16.00,7.00,63319
0,0,20.00,32.00,5.00,63342
0,0,10.00,4.00,15.00,63365
0,0,40.00,-24.00,15.00,63388
0,0,16.00,6.00,-7.00,63411
0,0,36.00,-36.00,29.00,63434
0,0,4.00,-26.00,3.00,63457
0,0,46.00,12.00,13.00,63480
0,0,4.00,-58.00,13.00,63503
0,0,14.00,10.00,21.00,63526
0,0,24.00,-10.00,1.00,63549
0,0,14.00,-2.00,-19.00,63572
0,0,10.00,-48.00,19.00,63595
0,0,12.00,0.00,-3.00,63618
0,0,6.00,-46.00,-5.00,63641
0,0,-2.00,-30.00,23.00,63664
0,0,2.00,-50.00,11.00,63687
0,0,2.00,-36.00,1.00,63710
0,0,-22.00,-46.00,51.00,63733
0,0,10.00,-48.00,1.00,63756
0,0,-12.00,-40.00,-21.00,63779
0,0,-24.00,-28.00,41.00,63802
0,0,10.00,-32.00,13.00,63825
0,0,-32.00,-12.00,-1.00,63848
0,0,-6.00,-26.00,-13.00,63871
0,0,-20.00,-52.00,9.00,63895
0,0,-14.00,-2.00,15.00,63917
0,0,-16.00,-4.00,11.00,63941
0,0,-36.00,0.00,-7.00,63963
0,0,-26.00,-22.00,-1.00,63987
0,0,-26.00,-6.00,-19.00,64010
0,0,-48.00,6.00,7.00,64033
0,0,-14.00,-14.00,13.00,64056
0,0,-44.00,4.00,-7.00,64079
0,0,-24.00,-34.00,-15.00,64102
0,0,-18.00,26.00,25.00,64126
0,0,-30.00,32.00,-27.00,64149
0,0,-28.00,-40.00,23.00,64172
0,0,-8.00,56.00,13.00,64195
0,0,-44.00,16.00,-17.00,64219
0,0,-16.00,34.00,-1.00,64242
0,0,-16.00,50.00,-21.00,64265
0,0,-8.00,38.00,-9.00,64288
0,0,-24.00,6.00,13.00,64311
0,0,14.00,30.00,-5.00,64334
0,0,-36.00,30.00,-1.00,64358
0,0,-4.00,24.00,15.00,64381
0,0,8.00,40.00,1.00,64404
0,0,-6.00,42.00,-11.00,64427
0,0,-16.00,36.00,5.00,64450
0,0,20.00,6.00,-15.00,64473
0,0,-22.00,10.00,-29.00,64496
0,0,64.00,4.00,7.00,64519
0,0,-26.00,46.00,-11.00,64542
0,0,26.00,12.00,3.00,64566
0,0,42.00,0.00,23.00,64589
0,0,-6.00,52.00,-5.00,64612
0,0,20.00,32.00,51.00,64635
0,0,16.00,4.00,-25.00,64658
0,0,16.00,2.00,19.00,64681
0,0,12.00,18.00,7.00,64704
0,0,20.00,-16.00,-5.00,64728
0,0,28.00,10.00,23.00,64751
0,0,22.00,14.00,-5.00,64774
0,0,32.00,-12.00,31.00,64797
0,0,36.00,4.00,-43.00,64820
0,0,48.00,32.00,67.00,64843
0,0,14.00,-6.00,31.00,64866
0,0,46.00,10.00,-33.00,64890
0,0,24.00,-20.00,19.00,64913
0,0,38.00,-10.00,-39.00,64936
0,0,10.00,-42.00,25.00,64960
0,0,38.00,10.00,17.00,64983
0,0,4.00,-30.00,11.00,65006
0,0,36.00,-46.00,19.00,65030
0,0,4.00,-18.00,-1.00,65053
0,0,14.00,-34.00,5.00,65076
0,0,-18.00,-48.00,19.00,65099
0,0,6.00,-36.00,-11.00,65123
0,0,14.00,-52.00,17.00,65146
0,0,-2.00,-26.00,-5.00,65169
0,0,12.00,-42.00,-17.00,65192
0,0,4.00,-32.00,-15.00,65215
0,0,-12.00,-44.00,3.00,65239
0,0,2.00,-56.00,-7.00,65262
0,0,-28.00,-34.00,11.00,65285
0,0,-16.00,-20.00,17.00,65308
0,0,10.00,-40.00,-21.00,65331
0,0,-26.00,-8.00,3.00,65355
0,0,-30.00,-14.00,15.00,65378
0,0,-30.00,-28.00,5.00,65401
0,0,-28.00,2.00,-23.00,65424
0,0,-12.00,-34.00,9.00,65447
0,0,-20.00,0.00,15.00,65470
0,0,-34.00,-30.00,23.00,65493
0,0,-16.00,22.00,9.00,65516
0,0,-48.00,-16.00,3.00,65540
0,0,-6.00,22.00,7.00,65563
0,0,-42.00,8.00,1.00,65586
0,0,-24.00,22.00,-5.00,65609
0,0,-22.00,0.00,-7.00,65632
0,0,-34.00,36.00,-1.00,65656
0,0,-24.00,26.00,-13.00,65679
0,0,-12.00,46.00,3.00,65702
0,0,-26.00,2.00,-1.00,65726
0,0,6.00,48.00,-7.00,65749
0,0,-6.00,16.00,7.00,65772
0,0,-10.00,40.00,-9.00,65795
0,0,-28.00,42.00,45.00,65819
0,0,10.00,22.00,-25.00,65842
0,0,-22.00,38.00,-23.00,65865
0,0,2.00,34.00,5.00,65888
0,0,12.00,20.00,-7.00,65912
0,0,0.00,58.00,35.00,65935
0,0,0.00,54.00,21.00,65958
0,0,30.00,30.00,9.00,65981
0,0,18.00,38.00,-11.00,66005
0,0,4.00,20.00,23.00,66028
0,0,34.00,4.00,-5.00,66051
0,0,4.00,10.00,-13.00,66074
0,0,34.00,44.00,5.00,66097
0,0,48.00,-10.00,1.00,66120
0,0,16.00,42.00,-35.00,66143
0,0,42.00,-48.00,15.00,66166
0,0,22.00,96.00,-23.00,66189
0,0,14.00,14.00,-3.00,66212
0,0,72.00,-64.00,29.00,66235
0,0,24.00,84.00,-23.00,66258
0,0,30.00,-56.00,27.00,66281
0,0,46.00,34.00,-13.00,66304
0,0,14.00,-16.00,-1.00,66328
0,0,54.00,-34.00,1.00,66351
0,0,-2.00,-16.00,-21.00,66374
0,0,64.00,-28.00,19.00,66397
0,0,10.00,-32.00,-15.00,66421
0,0,58.00,-34.00,29.00,66445
0,0,6.00,-44.00,-13.00,66468
0,0,20.00,-26.00,-19.00,66491
0,0,-14.00,-76.00,3.00,66515
0,0,40.00,-26.00,-7.00,66538
0,0,-26.00,-68.00,31.00,66561
0,0,28.00,-18.00,-21.00,66584
0,0,-16.00,-54.00,35.00,66607
0,0,14.00,-24.00,-3.00,66630
0,0,-24.00,-38.00,13.00,66653
0,0,-4.00,-28.00,-35.00,66677
0,0,-20.00,-54.00,9.00,66700
0,0,10.00,-12.00,-7.00,66723
0,0,-6.00,-36.00,1.00,66746
0,0,-4.00,-36.00,-7.00,66769
0,0,2.00,-48.00,3.00,66793
0,0,-18.00,4.00,1.00,66816
0,0,-4.00,-48.00,3.00,66839
0,0,-38.00,10.00,27.00,66862
0,0,-40.00,-24.00,5.00,66886
0,0,-4.00,-36.00,-3.00,66909
0,0,-22.00,46.00,17.00,66932
0,0,-28.00,-20.00,-13.00,66955
0,0,-34.00,-8.00,7.00,66979
0,0,-28.00,12.00,-11.00,67002
0,0,-22.00,2.00,-33.00,67025
0,0,-34.00,2.00,5.00,67048
0,0,-26.00,4.00,11.00,67071
0,0,-26.00,42.00,1.00,67094
0,0,-14.00,20.00,23.00,67117
0,0,-26.00,-2.00,23.00,67140
0,0,-28.00,28.00,27.00,67163
0,0,-28.00,-14.00,-3.00,67186
0,0,4.00,42.00,-9.00,67209
0,0,-20.00,26.00,15.00,67232
0,0,-12.00,18.00,-9.00,67255
0,0,10.00,42.00,-7.00,67278
0,0,-32.00,28.00,5.00,67301
0,0,0.00,40.00,-1.00,67324
0,0,8.00,6.00,-15.00,67347
0,0,-26.00,30.00,11.00,67370
0,0,32.00,30.00,3.00,67393
0,0,16.00,12.00,-27.00,67416
0,0,-18.00,32.00,27.00,67438
0,0,26.00,16.00,-5.00,67462
0,0,-6.00,28.00,-7.00,67485
0,0,28.00,24.00,5.00,67508
0,0,10.00,18.00,23.00,67531
0,0,34.00,12.00,-5.00,67554
0,0,30.00,2.00,-5.00,67577
0,0,40.00,28.00,-5.00,67600
0,0,28.00,22.00,19.00,67623
0,0,24.00,24.00,5.00,67646
0,0,36.00,34.00,-5.00,67670
0,0,30.00,-14.00,9.00,67693
0,0,32.00,38.00,-17.00,67716
0,0,10.00,-36.00,17.00,67740
0,0,38.00,-2.00,-7.00,67763
0,0,28.00,12.00,21.00,67787
0,0,48.00,-52.00,-13.00,67810
0,0,10.00,-10.00,-9.00,67834
0,0,10.00,-30.00,-33.00,67857
0,0,-10.00,-70.00,61.00,67880
0,0,76.00,48.00,-25.00,67903
0,0,-26.00,-98.00,15.00,67927
0,0,52.00,4.00,7.00,67950
0,0,-16.00,-46.00,9.00,67973
0,0,50.00,0.00,13.00,67996
0,0,-20.00,-42.00,-9.00,68019
0,0,40.00,-24.00,-27.00,68043
0,0,0.00,-48.00,27.00,68066
0,0,10.00,-24.00,21.00,68089
0,0,-2.00,-52.00,1.00,68112
0,0,-8.00,-58.00,-1.00,68135
0,0,-36.00,-28.00,15.00,68158
0,0,10.00,-18.00,3.00,68181
0,0,-20.00,-24.00,-1.00,68204
0,0,-18.00,-32.00,-19.00,68227
0,0,10.00,-38.00,35.00,68250
0,0,-32.00,0.00,-35.00,68273
0,0,-8.00,-68.00,23.00,68296
0,0,-6.00,2.00,15.00,68319
0,0,-54.00,6.00,13.00,68342
0,0,-12.00,-18.00,5.00,68365
0,0,-34.00,-4.00,-15.00,68388
0,0,-4.00,28.00,27.00,68411
0,0,-40.00,-46.00,-1.00,68434
0,0,-38.00,28.00,5.00,68457
0,0,-24.00,8.00,3.00,68480
0,0,-8.00,12.00,-17.00,68503
0,0,-32.00,-14.00,-9.00,68527
0,0,-36.00,24.00,-5.00,68550
0,0,-32.00,4.00,11.00,68573
0,0,-30.00,14.00,-1.00,68596
0,0,-12.00,24.00,11.00,68619
0,0,-44.00,24.00,-25.00,68643
0,0,-20.00,38.00,11.00,68666
0,0,2.00,32.00,17.00,68688
0,0,-28.00,20.00,15.00,68712
0,0,-10.00,42.00,15.00,68734
0,0,6.00,24.00,-7.00,68757
0,0,-26.00,44.00,13.00,68780
0,0,0.00,24.00,-5.00,68803
0,0,-2.00,38.00,-1.00,68826
0,0,-10.00,34.00,13.00,68849
0,0,16.00,18.00,-1.00,68872
0,0,-10.00,60.00,-3.00,68895
0,0,26.00,38.00,3.00,68918
0,0,4.00,22.00,3.00,68941
0,0,6.00,48.00,25.00,68964
0,0,24.00,10.00,23.00,68987
0,0,18.00,64.00,1.00,69010
0,0,14.00,14.00,13.00,69033
0,0,34.00,20.00,39.00,69056
0,0,-2.00,50.00,-5.00,69079
0,0,32.00,-4.00,3.00,69102
0,0,24.00,58.00,3.00,69125
0,0,28.00,-22.00,9.00,69148
0,0,36.00,8.00,11.00,69171
0,0,2.00,30.00,1.00,69194
0,0,42.00,-44.00,33.00,69218
0,0,42.00,20.00,-5.00,69240
0,0,26.00,-14.00,-9.00,69263
0,0,20.00,-2.00,-1.00,69286
0,0,40.00,6.00,-5.00,69309
0,0,26.00,-78.00,5.00,69332
0,0,14.00,4.00,-3.00,69355
0,0,32.00,-52.00,-13.00,69379
0,0,10.00,-36.00,13.00,69402
0,0,-2.00,-14.00,-7.00,69425
0,0,60.00,-26.00,-13.00,69448
0,0,-34.00,-48.00,-1.00,69471
0,0,74.00,2.00,-9.00,69494
0,0,-32.00,-66.00,23.00,69517
0,0,4.00,-26.00,-9.00,69540
0,0,-4.00,-36.00,23.00,69563
0,0,-32.00,-44.00,-27.00,69586
0,0,-2.00,-66.00,23.00,69609
0,0,-14.00,-22.00,-25.00,69632
0,0,22.00,-76.00,19.00,69655
0,0,-40.00,-34.00,3.00,69679
0,0,-34.00,-18.00,-21.00,69702
0,0,4.00,-30.00,-25.00,69725
0,0,-62.00,-30.00,-11.00,69748
0,0,22.00,-58.00,-21.00,69771
0,0,-62.00,4.00,-15.00,69795
0,0,-24.00,34.00,-11.00,69818
0,0,-8.00,-48.00,33.00,69841
0,0,-30.00,68.00,-57.00,69864
0,0,-32.00,-56.00,43.00,69887
0,0,-52.00,52.00,-3.00,69911
0,0,-32.00,-38.00,-11.00,69934
0,0,22.00,-10.00,-11.00,69958
0,0,-74.00,26.00,-73.00,69981
0,0,38.00,-2.00,-21.00,70004
0,0,-48.00,8.00,-57.00,70027
0,0,-48.00,26.00,-3.00,70050
0,0,10.00,24.00,-5.00,70073
0,0,-38.00,56.00,-5.00,70096
0,0,-16.00,0.00,29.00,70119
0,0,-2.00,16.00,11.00,70142
0,0,-14.00,26.00,21.00,70165
0,0,-30.00,16.00,7.00,70188
0,0,2.00,44.00,-13.00,70211
0,0,-10.00,36.00,9.00,70234
0,0,-24.00,30.00,-3.00,70257
0,0,4.00,8.00,-3.00,70280
0,0,12.00,24.00,-17.00,70303
0,0,-14.00,46.00,-43.00,70326
0,0,0.00,40.00,-9.00,70349
0,0,-18.00,54.00,3.00,70372
0,0,38.00,26.00,-9.00,70395
0,0,24.00,40.00,-33.00,70418
0,0,28.00,-8.00,11.00,70441
0,0,10.00,-10.00,7.00,70464
0,0,18.00,48.00,3.00,70487
0,0,20.00,26.00,31.00,70510
0,0,30.00,40.00,-13.00,70534
0,0,16.00,2.00,15.00,70557
0,0,26.00,6.00,7.00,70580
0,0,32.00,-44.00,5.00,70604
0,0,8.00,-12.00,17.00,70627
0,0,18.00,-2.00,11.00,70650
0,0,2.00,6.00,-7.00,70673
0,0,0.00,14.00,-21.00,70697
0,0,10.00,24.00,9.00,70719
0,0,32.00,-16.00,-7.00,70743
0,0,2.00,-54.00,-1.00,70766
0,0,12.00,18.00,-27.00,70790
0,0,-6.00,-18.00,15.00,70813
0,0,20.00,-2.00,-11.00,70836
0,0,-6.00,-8.00,-1.00,70859
0,0,16.00,-34.00,9.00,70882
0,0,20.00,26.00,-1.00,70905
0,0,6.00,-42.00,19.00,70929
0,0,8.00,-10.00,13.00,70952
0,0,2.00,10.00,31.00,70975
0,0,6.00,-8.00,5.00,70998
0,0,0.00,24.00,5.00,71021
0,0,-4.00,-4.00,-5.00,71045
0,0,4.00,14.00,9.00,71068
0,0,-8.00,-8.00,-23.00,71091
0,0,4.00,2.00,23.00,71114
0,0,-22.00,-6.00,-1.00,71137
0,0,6.00,-8.00,-3.00,71160
0,0,-8.00,6.00,-11.00,71183
0,0,-14.00,-6.00,13.00,71205
0,0,8.00,14.00,7.00,71229
0,0,-18.00,-10.00,27.00,71252
0,0,12.00,8.00,1.00,71275
0,0,2.00,-12.00,7.00,71298
0,0,0.00,-4.00,-15.00,71321
0,0,-14.00,-16.00,31.00,71344
0,0,-6.00,4.00,13.00,71367
0,0,-12.00,2.00,13.00,71390
0,0,-2.00,2.00,-15.00,71413
0,0,-4.00,-6.00,3.00,71436
0,0,-18.00,4.00,-21.00,71459
0,0,-2.00,-8.00,15.00,71482
0,0,2.00,10.00,-21.00,71505
0,0,8.00,-10.00,1.00,71528
0,0,0.00,0.00,11.00,71551
0,0,8.00,-10.00,-19.00,71574
0,0,4.00,8.00,29.00,71597
0,0,-2.00,4.00,-3.00,71621
0,0,6.00,22.00,1.00,71644
0,0,-14.00,-6.00,-5.00,71667
0,0,12.00,2.00,5.00,71690
0,0,0.00,-14.00,-1.00,71713
0,0,-14.00,22.00,1.00,71736
0,0,-8.00,6.00,-3.00,71759
0,0,2.00,4.00,7.00,71782
0,0,4.00,-8.00,5.00,71805
0,0,-4.00,-6.00,-9.00,71828
0,0,16.00,8.00,5.00,71851
0,0,6.00,0.00,-19.00,71874
0,0,0.00,-4.00,-17.00,71897
0,0,6.00,14.00,1.00,71920
0,0,2.00,2.00,11.00,71943
0,0,14.00,2.00,5.00,71966
0,0,-4.00,2.00,21.00,71990
0,0,12.00,0.00,-1.00,72013
0,0,4.00,14.00,1.00,72036
0,0,-8.00,-8.00,-21.00,72059
0,0,12.00,12.00,11.00,72082
0,0,8.00,-4.00,5.00,72106
0,0,-4.00,0.00,-1.00,72129
0,0,6.00,6.00,5.00,72152
0,0,-4.00,-16.00,-3.00,72175
0,0,10.00,-2.00,-9.00,72198
0,0,12.00,16.00,-9.00,72221
0,0,8.00,-2.00,13.00,72244
0,0,-12.00,-4.00,7.00,72268
0,0,2.00,10.00,-7.00,72291
0,0,10.00,-24.00,-3.00,72314
0,0,12.00,-10.00,3.00,72337
0,0,0.00,4.00,7.00,72360
0,0,-8.00,-6.00,17.00,72383
0,0,4.00,14.00,13.00,72406
0,0,12.00,-4.00,-15.00,72430
0,0,-4.00,14.00,-13.00,72453
0,0,0.00,12.00,17.00,72475
0,0,2.00,-22.00,5.00,72498
0,0,-2.00,8.00,15.00,72521
0,0,8.00,4.00,5.00,72545
0,0,-12.00,6.00,-3.00,72568
0,0,12.00,-4.00,1.00,72591
0,0,-10.00,-18.00,3.00,72614
0,0,-10.00,8.00,-3.00,72638
0,0,-4.00,8.00,1.00,72661
0,0,0.00,4.00,9.00,72685
0,0,2.00,14.00,-17.00,72708
0,0,8.00,-6.00,11.00,72731
0,0,4.00,-10.00,-9.00,72754
0,0,0.00,0.00,-13.00,72777
0,0,10.00,2.00,-15.00,72801
0,0,-8.00,-12.00,1.00,72824
0,0,2.00,-4.00,-1.00,72847
0,0,12.00,12.00,-1.00,72870
0,0,-8.00,0.00,13.00,72893
0,0,10.00,-18.00,1.00,72917
0,0,6.00,0.00,-11.00,72940
0,0,6.00,-6.00,3.00,72963
0,0,-2.00,18.00,-7.00,72986
0,0,-10.00,-16.00,1.00,73009
0,0,-12.00,8.00,-7.00,73032
0,0,-12.00,8.00,-9.00,73056
0,0,2.00,-10.00,39.00,73079
0,0,0.00,0.00,9.00,73102
0,0,0.00,-6.00,-3.00,73125
0,0,14.00,0.00,5.00,73148
0,0,12.00,-6.00,5.00,73171
0,0,8.00,2.00,1.00,73194
0,0,-8.00,18.00,-15.00,73218
0,0,4.00,6.00,-21.00,73241
0,0,6.00,4.00,3.00,73264
0,0,10.00,-18.00,-5.00,73287
0,0,-2.00,-10.00,-1.00,73310
0,0,2.00,8.00,-3.00,73333
0,0,6.00,4.00,33.00,73356
0,0,-6.00,-6.00,5.00,73379
0,0,-2.00,20.00,-13.00,73402
0,0,10.00,-24.00,13.00,73425
0,0,6.00,-2.00,13.00,73448
0,0,4.00,14.00,-15.00,73471
0,0,2.00,2.00,31.00,73494
0,0,2.00,8.00,3.00,73517
0,0,6.00,16.00,3.00,73540
0,0,2.00,10.00,19.00,73563
0,0,-4.00,-8.00,-5.00,73586
0,0,2.00,-8.00,7.00,73609
0,0,-2.00,-6.00,21.00,73632
0,0,-14.00,4.00,3.00,73655
0,0,2.00,2.00,7.00,73678
0,0,-8.00,4.00,3.00,73701
0,0,2.00,2.00,-7.00,73725
0,0,0.00,0.00,3.00,73768
0,0,8.00,6.00,-15.00,73792
0,0,-12.00,6.00,-1.00,73815
0,0,0.00,-2.00,-3.00,73838
0,0,-4.00,-20.00,-13.00,73862
0,0,6.00,4.00,-7.00,73885
0,0,0.00,4.00,13.00,73908
0,0,-2.00,0.00,-11.00,73931
0,0,16.00,2.00,-15.00,73954
0,0,10.00,10.00,19.00,73978
0,0,2.00,-14.00,5.00,74001
0,0,0.00,-6.00,-11.00,74025
0,0,4.00,14.00,-9.00,74048
0,0,8.00,-14.00,11.00,74072
0,0,-4.00,-8.00,15.00,74095
0,0,8.00,2.00,-13.00,74118
0,0,2.00,-14.00,-1.00,74141
0,0,0.00,6.00,-3.00,74165
0,0,6.00,6.00,-3.00,74188
0,0,0.00,-6.00,31.00,74211
0,0,-6.00,2.00,5.00,74235
0,0,-10.00,6.00,-19.00,74258
0,0,10.00,-10.00,-7.00,74281
0,0,-12.00,20.00,-7.00,74304
0,0,4.00,-24.00,-3.00,74328
0,0,0.00,-12.00,3.00,74351
0,0,4.00,6.00,-7.00,74374
0,0,12.00,6.00,15.00,74397
0,0,12.00,0.00,-3.00,74420
0,0,10.00,-6.00,9.00,74443
0,0,2.00,10.00,27.00,74466
0,0,-2.00,-2.00,-17.00,74489
0,0,4.00,8.00,11.00,74512
0,0,4.00,14.00,-3.00,74535
0,0,4.00,-8.00,11.00,74558
0,0,6.00,-6.00,25.00,74581
0,0,12.00,8.00,-5.00,74604
0,0,-4.00,14.00,-11.00,74627
0,0,2.00,0.00,-7.00,74650
0,0,-4.00,-6.00,19.00,74673
0,0,0.00,2.00,-15.00,74696
0,0,12.00,-2.00,15.00,74719
0,0,2.00,-4.00,13.00,74742
0,0,14.00,10.00,-1.00,74765
0,0,-2.00,6.00,-9.00,74788
0,0,14.00,6.00,13.00,74812
0,0,-2.00,-4.00,3.00,74835
0,0,12.00,-22.00,5.00,74858
0,0,14.00,8.00,-11.00,74881
0,0,12.00,-12.00,-9.00,74905
0,0,-6.00,4.00,7.00,74928
0,0,-4.00,-12.00,3.00,74951
0,0,14.00,-4.00,-3.00,74975
0,0,6.00,-6.00,1.00,74998
0,0,2.00,18.00,3.00,75021
0,0,-2.00,20.00,-23.00,75044
0,0,0.00,-10.00,7.00,75067
0,0,-8.00,8.00,9.00,75090
0,0,4.00,-12.00,5.00,75113
0,0,-8.00,-6.00,-9.00,75136
0,0,-8.00,-8.00,9.00,75159
0,0,4.00,-8.00,11.00,75183
0,0,-2.00,0.00,9.00,75206
0,0,2.00,0.00,17.00,75229
0,0,-2.00,12.00,5.00,75253
0,0,0.00,-20.00,-5.00,75276
0,0,-2.00,0.00,-1.00,75299
0,0,10.00,4.00,7.00,75322
0,0,-10.00,12.00,-1.00,75345
0,0,16.00,12.00,3.00,75368
0,0,0.00,-2.00,19.00,75391
0,0,2.00,8.00,7.00,75415
0,0,0.00,-8.00,23.00,75438
0,0,18.00,-2.00,25.00,75461
0,0,2.00,6.00,3.00,75484
0,0,8.00,-6.00,-31.00,75507
0,0,4.00,-2.00,-3.00,75530
0,0,8.00,-6.00,5.00,75553
0,0,-10.00,8.00,1.00,75576
0,0,6.00,-6.00,-7.00,75599
0,0,4.00,4.00,3.00,75622
0,0,-10.00,4.00,15.00,75645
0,0,-8.00,-12.00,-21.00,75668
0,0,0.00,-6.00,11.00,75691
0,0,10.00,2.00,-7.00,75714
0,0,6.00,-8.00,-1.00,75737
0,0,10.00,-18.00,11.00,75760
0,0,-4.00,-12.00,19.00,75783
0,0,2.00,-16.00,7.00,75806
0,0,0.00,-20.00,1.00,75829
0,0,12.00,10.00,11.00,75852
0,0,-18.00,-2.00,3.00,75875
0,0,-6.00,4.00,5.00,75898
0,0,4.00,-10.00,-11.00,75921
0,0,8.00,0.00,17.00,75944
0,0,-16.00,-8.00,5.00,75987
0,0,12.00,14.00,-1.00,76010
0,0,-4.00,-4.00,7.00,76033
0,0,18.00,4.00,-23.00,76056
0,0,4.00,-6.00,33.00,76079
0,0,-10.00,-6.00,59.00,76102
0,0,22.00,12.00,9.00,76126
0,0,12.00,14.00,25.00,76149
0,0,-2.00,2.00,3.00,76172
0,0,-2.00,2.00,3.00,76195
0,0,-2.00,-10.00,-7.00,76219
0,0,-2.00,2.00,-7.00,76242
0,0,6.00,12.00,9.00,76266
0,0,-4.00,-4.00,-7.00,76289
0.00,0.00,8.00,4.00,5.00,76596
0.00,0.00,6.00,2.00,9.00,76662
0.00,0.00,-12.00,0.00,17.00,76727
0.00,0.00,12.00,6.00,-3.00,76792
0.00,0.00,-8.00,-2.00,-3.00,76858
0.00,0.00,-4.00,-10.00,-31.00,76923
0.00,0.00,-8.00,-12.00,-5.00,76989
0.00,0.00,-2.00,18.00,1.00,77054
0.00,0.00,6.00,16.00,5.00,77118
0.00,0.00,-2.00,0.00,1.00,77184
0,0,4.00,4.00,-7.00,77207
0,0,10.00,14.00,-15.00,77230
0,0,6.00,0.00,7.00,77253
0,0,-22.00,-8.00,-31.00,77276
0,0,4.00,-20.00,9.00,77299
0,0,10.00,4.00,-15.00,77322
0,0,4.00,12.00,23.00,77345
0,0,2.00,8.00,-9.00,77368
0,0,-2.00,2.00,3.00,77391
0,0,-10.00,-14.00,-1.00,77414
0,0,4.00,2.00,17.00,77437
0,0,4.00,8.00,-3.00,77460
0,0,10.00,4.00,27.00,77483
0,0,-10.00,6.00,-5.00,77506
0,0,0.00,12.00,-7.00,77529
0,0,-8.00,0.00,17.00,77552
0,0,-10.00,4.00,-11.00,77575
0,0,-10.00,-12.00,-7.00,77598
0,0,14.00,8.00,7.00,77621
0,0,4.00,0.00,29.00,77644
0,0,-6.00,-14.00,-5.00,77666
0,0,-10.00,-2.00,11.00,77689
0,0,0.00,2.00,9.00,77712
0,0,8.00,0.00,-9.00,77735
0,0,-4.00,14.00,-11.00,77778
0,0,8.00,20.00,-11.00,77801
0,0,2.00,0.00,17.00,77824
0,0,10.00,-6.00,7.00,77847
0,0,2.00,4.00,21.00,77870
0,0,14.00,-6.00,-7.00,77892
0,0,10.00,-4.00,-11.00,77915
0,0,6.00,24.00,-3.00,77939
0,0,-4.00,14.00,25.00,77961
0,0,-6.00,2.00,-3.00,77985
0,0,-4.00,-4.00,1.00,78008
0,0,6.00,16.00,5.00,78031
0,0,8.00,-4.00,-3.00,78054
0,0,4.00,-6.00,3.00,78077
0,0,2.00,24.00,9.00,78100
0,0,6.00,2.00,1.00,78123
0,0,-8.00,-2.00,7.00,78146
0,0,-12.00,14.00,5.00,78169
0,0,2.00,10.00,5.00,78193
0,0,-4.00,24.00,-23.00,78216
0,0,4.00,-16.00,11.00,78239
0,0,-2.00,12.00,-15.00,78263
0,0,-4.00,24.00,1.00,78286
0,0,22.00,6.00,-5.00,78309
0,0,12.00,-8.00,-3.00,78333
0,0,8.00,-6.00,3.00,78356
0,0,-14.00,6.00,15.00,78379
0,0,-8.00,-10.00,9.00,78423
0,0,2.00,6.00,-11.00,78446
0,0,-2.00,-2.00,3.00,78469
0,0,-14.00,6.00,25.00,78493
0,0,2.00,-14.00,-1.00,78516
0,0,2.00,-12.00,7.00,78539
0,0,2.00,-2.00,1.00,78563
0,0,-2.00,12.00,15.00,78586
0,0,10.00,4.00,7.00,78609
0,0,0.00,-8.00,7.00,78633
0,0,0.00,2.00,-7.00,78657
0,0,0.00,0.00,3.00,78680
0,0,12.00,2.00,-9.00,78703
0,0,2.00,2.00,-7.00,78726
0,0,-2.00,12.00,9.00,78750
0,0,2.00,-2.00,11.00,78773
0,0,6.00,8.00,7.00,78797
0,0,2.00,8.00,9.00,78821
0,0,0.00,-4.00,-3.00,78844
0,0,2.00,12.00,-19.00,78868
0,0,10.00,14.00,7.00,78891
0,0,0.00,10.00,17.00,78915
0,0,-8.00,4.00,-3.00,78939
0,0,4.00,4.00,-7.00,78962
0,0,-2.00,10.00,-11.00,78985
0,0,2.00,22.00,-3.00,79009
0,0,0.00,20.00,-23.00,79033
0,0,2.00,6.00,-9.00,79076
0,0,-12.00,10.00,-21.00,79100
0,0,8.00,-16.00,-21.00,79123
0,0,6.00,10.00,1.00,79146
0,0,12.00,-4.00,3.00,79170
0,0,4.00,-14.00,-11.00,79193
0,0,-12.00,14.00,-9.00,79216
0,0,10.00,4.00,21.00,79240
0,0,8.00,-20.00,-1.00,79263
0,0,-8.00,-6.00,3.00,79286
0,0,6.00,-20.00,-25.00,79309
0,0,4.00,-4.00,1.00,79332
0,0,0.00,-6.00,-9.00,79355
0,0,0.00,0.00,7.00,79398
0,0,-4.00,2.00,7.00,79421
0,0,8.00,0.00,5.00,79444
0,0,8.00,-2.00,7.00,79467
0,0,10.00,-10.00,5.00,79490
0,0,4.00,8.00,-5.00,79514
0,0,-14.00,-4.00,3.00,79537
0,0,-12.00,14.00,-13.00,79561
0,0,12.00,-6.00,-3.00,79584
0,0,4.00,-2.00,-9.00,79607
0,0,-14.00,10.00,31.00,79630
0,0,10.00,2.00,5.00,79654
0,0,10.00,8.00,1.00,79676
0,0,6.00,16.00,-17.00,79700
0,0,16.00,12.00,39.00,79723
0.00,0.00,-4.00,-4.00,-19.00,80009
0.00,0.00,-6.00,8.00,43.00,80075
0.00,0.00,20.00,0.00,35.00,80140
0.00,0.00,22.00,10.00,-11.00,80206
0.00,0.00,6.00,18.00,11.00,80271
0.00,0.00,-4.00,8.00,5.00,80337
0.00,0.00,14.00,10.00,-173.00,80402
0.00,0.00,10.00,-14.00,-3.00,80467
0.00,0.00,14.00,0.00,11.00,80533
0.00,0.00,6.00,18.00,13.00,80599
0,0,-10.00,12.00,-5.00,80623
0,0,8.00,-10.00,13.00,80647
0,0,4.00,6.00,3.00,80670
0,0,0.00,4.00,-3.00,80694
0,0,-4.00,14.00,17.00,80718
0,0,-6.00,14.00,-19.00,80742
0,0,-8.00,8.00,5.00,80766
0,0,-22.00,-40.00,-105.00,80789
0,0,-14.00,12.00,-39.00,80812
0,0,10.00,-68.00,59.00,80836
0,0,0.00,10.00,45.00,80859
0,0,32.00,8.00,89.00,80882
0,0,22.00,-44.00,1.00,80905
0,0,-16.00,-4.00,23.00,80928
0,0,-6.00,-18.00,3.00,80952
0,0,12.00,20.00,1.00,80976
0,0,2.00,-28.00,-7.00,80999
0,0,0.00,4.00,49.00,81023
0,0,-8.00,-10.00,-7.00,81046
0,0,6.00,-2.00,-1.00,81070
0,0,24.00,-6.00,-7.00,81094
0,0,2.00,-4.00,-13.00,81118
0,0,-10.00,6.00,23.00,81142
0,0,-18.00,2.00,13.00,81165
0,0,2.00,6.00,-7.00,81189
0,0,8.00,-4.00,-1.00,81212
0,0,-12.00,2.00,-11.00,81236
0,0,-10.00,12.00,1.00,81260
0,0,-6.00,6.00,11.00,81284
0,0,-4.00,8.00,-21.00,81308
0,0,4.00,-2.00,1.00,81331
0,0,-2.00,-28.00,-17.00,81354
0,0,10.00,-10.00,7.00,81377
0,0,22.00,18.00,7.00,81400
0,0,6.00,4.00,7.00,81424
0,0,0.00,6.00,-9.00,81447
0,0,14.00,-6.00,-11.00,81471
0,0,6.00,-4.00,3.00,81494
0,0,10.00,-24.00,-3.00,81518
0,0,4.00,-10.00,23.00,81541
0,0,6.00,6.00,-11.00,81565
0,0,-24.00,10.00,25.00,81588
0,0,6.00,8.00,7.00,81612
0,0,-6.00,-24.00,21.00,81636
0,0,-4.00,24.00,-19.00,81659
0,0,2.00,-30.00,-5.00,81683
0,0,-4.00,34.00,-21.00,81707
0,0,28.00,20.00,-5.00,81731
0,0,-2.00,-2.00,5.00,81754
0,0,-4.00,-8.00,13.00,81778
0,0,18.00,-2.00,9.00,81802
0,0,4.00,24.00,11.00,81825
0,0,-10.00,12.00,-7.00,81849
0,0,8.00,-4.00,-9.00,81873
0,0,6.00,8.00,-1.00,81896
0,0,-12.00,-14.00,-11.00,81919
0,0,12.00,6.00,-3.00,81942
0,0,2.00,-4.00,15.00,81966
0,0,-4.00,-18.00,11.00,81989
0,0,2.00,4.00,1.00,82013
0,0,0.00,16.00,3.00,82036
0,0,-18.00,-10.00,11.00,82060
0,0,12.00,0.00,9.00,82083
0,0,8.00,-14.00,15.00,82107
0,0,-6.00,26.00,3.00,82131
0,0,2.00,-12.00,-5.00,82155
0,0,-2.00,4.00,-9.00,82178
0,0,-12.00,-2.00,-1.00,82202
0,0,22.00,-14.00,19.00,82226
0,0,28.00,10.00,-1.00,82249
0,0,-30.00,4.00,-17.00,82273
0,0,12.00,-4.00,-1.00,82297
0,0,26.00,-12.00,11.00,82321
0,0,2.00,16.00,-37.00,82344
0,0,2.00,0.00,19.00,82368
0,0,-26.00,12.00,-17.00,82391
0,0,14.00,18.00,13.00,82414
0,0,16.00,-14.00,-3.00,82438
0,0,-60.00,226.00,-253.00,82461
0,0,-176.00,0.00,-843.00,82484
0,0,-46.00,18.00,399.00,82508
0,0,22.00,68.00,321.00,82531
0,0,22.00,36.00,-127.00,82555
0,0,64.00,68.00,-65.00,82578
0,0,38.00,94.00,261.00,82602
0,0,6.00,0.00,145.00,82625
0,0,-50.00,-2.00,-171.00,82649
0,0,8.00,4.00,-25.00,82673
0,0,12.00,16.00,1.00,82697
0,0,8.00,40.00,113.00,82720
0,0,0.00,-114.00,-61.00,82744
0,0,38.00,-2.00,-33.00,82768
0,0,-22.00,166.00,89.00,82791
0,0,10.00,28.00,-21.00,82815
0,0,-28.00,52.00,17.00,82839
0,0,-28.00,54.00,69.00,82863
0,0,8.00,22.00,-69.00,82886
0,0,2.00,-6.00,1.00,82910
0,0,2.00,18.00,33.00,82933
0,0,10.00,4.00,11.00,82956
0,0,-8.00,16.00,-1.00,82980
0,0,6.00,20.00,9.00,83003
0,0,-4.00,-6.00,29.00,83026
0,0,14.00,22.00,-15.00,83049
0,0,12.00,8.00,-1.00,83073
0,0,18.00,-4.00,-3.00,83096
0,0,4.00,-20.00,9.00,83120
0,0,6.00,6.00,-5.00,83144
0,0,8.00,6.00,-7.00,83167
0,0,16.00,16.00,-21.00,83191
0,0,-8.00,10.00,7.00,83215
0,0,-4.00,4.00,23.00,83238
0,0,8.00,-6.00,19.00,83262
0,0,12.00,-6.00,1.00,83286
0,0,0.00,-24.00,17.00,83310
0,0,2.00,4.00,-9.00,83333
0,0,6.00,10.00,-7.00,83357
0,0,0.00,2.00,17.00,83381
0,0,4.00,-8.00,17.00,83404
0,0,2.00,-6.00,7.00,83428
0,0,-8.00,-2.00,-1.00,83452
0,0,4.00,4.00,3.00,83475
0,0,14.00,20.00,-7.00,83498
0,0,-6.00,-2.00,-3.00,83522
0,0,8.00,6.00,3.00,83545
0,0,0.00,-10.00,-9.00,83569
0,0,2.00,-4.00,1.00,83592
0,0,-16.00,16.00,3.00,83616
0,0,-4.00,10.00,5.00,83639
0,0,14.00,0.00,5.00,83663
0,0,2.00,8.00,-1.00,83686
0,0,-8.00,6.00,-1.00,83710
0,0,16.00,4.00,-3.00,83734
0,0,6.00,0.00,11.00,83758
0,0,2.00,6.00,7.00,83781
0,0,0.00,8.00,3.00,83805
0,0,0.00,4.00,1.00,83828
0,0,-10.00,-18.00,-7.00,83852
0,0,20.00,-2.00,11.00,83876
0,0,10.00,6.00,1.00,83900
0,0,0.00,0.00,13.00,83923
0,0,4.00,12.00,7.00,83947
0,0,-10.00,-2.00,17.00,83971
0,0,10.00,12.00,-23.00,83994
0,0,16.00,-24.00,13.00,84018
0,0,10.00,2.00,3.00,84041
0,0,-8.00,8.00,-19.00,84065
0,0,0.00,0.00,1.00,84088
0,0,-14.00,-6.00,-9.00,84111
0,0,-2.00,2.00,17.00,84135
0,0,-6.00,16.00,7.00,84158
0,0,-2.00,-10.00,5.00,84182
0,0,4.00,6.00,-23.00,84206
0,0,-6.00,8.00,9.00,84229
0,0,-4.00,4.00,19.00,84253
0,0,-14.00,-16.00,-11.00,84276
0,0,-6.00,-22.00,7.00,84300
0,0,2.00,-10.00,11.00,84324
0,0,10.00,20.00,23.00,84347
0,0,14.00,-6.00,-3.00,84370
0,0,10.00,-36.00,17.00,84393
0,0,-6.00,-30.00,-25.00,84416
0,0,6.00,0.00,-15.00,84439
0,0,6.00,12.00,-29.00,84463
0,0,0.00,14.00,23.00,84486
0,0,6.00,14.00,-15.00,84510
0,0,-10.00,-16.00,19.00,84534
0,0,8.00,2.00,-7.00,84557
0,0,6.00,-8.00,-3.00,84580
0,0,-10.00,8.00,-17.00,84603
0,0,8.00,8.00,-29.00,84627
0,0,22.00,-4.00,-3.00,84650
0,0,4.00,4.00,3.00,84674
0,0,8.00,-8.00,19.00,84697
0,0,-24.00,-8.00,29.00,84720
0,0,0.00,-10.00,-19.00,84744
0,0,14.00,18.00,-23.00,84768
0,0,8.00,-22.00,43.00,84792
0,0,-12.00,-10.00,25.00,84815
0,0,-4.00,-10.00,1.00,84839
0,0,16.00,0.00,-9.00,84863
0,0,6.00,-4.00,7.00,84887
0,0,0.00,-16.00,27.00,84910
0,0,-22.00,0.00,11.00,84934
0,0,-6.00,6.00,17.00,84958
0,0,8.00,-6.00,-1.00,84981
0,0,-12.00,-4.00,35.00,85004
0,0,-8.00,18.00,19.00,85028
0,0,-2.00,0.00,19.00,85051
0,0,18.00,24.00,-5.00,85074
0,0,14.00,8.00,13.00,85097
0,0,-4.00,-14.00,-9.00,85121
0,0,-2.00,-10.00,-19.00,85144
0,0,-8.00,8.00,-21.00,85168
0,0,4.00,8.00,-17.00,85191
0,0,14.00,-6.00,-5.00,85215
0,0,-16.00,-18.00,3.00,85239
0,0,8.00,2.00,-27.00,85262
0,0,-4.00,14.00,1.00,85286
0,0,4.00,2.00,-3.00,85310
0,0,12.00,-12.00,-5.00,85333
0,0,-12.00,8.00,-33.00,85357
0,0,0.00,0.00,-1.00,85381
0,0,-2.00,-6.00,7.00,85405
0,0,6.00,2.00,-35.00,85428
0,0,2.00,12.00,9.00,85451
0,0,-6.00,8.00,-5.00,85475
0,0,2.00,8.00,37.00,85498
0,0,2.00,-8.00,69.00,85521
0,0,-8.00,12.00,-29.00,85545
0,0,4.00,-2.00,-3.00,85568
0,0,10.00,20.00,-43.00,85591
0,0,-2.00,-6.00,-35.00,85614
0,0,6.00,-30.00,-5.00,85637
0,0,-6.00,-16.00,-9.00,85660
0,0,8.00,18.00,-17.00,85683
0,0,2.00,0.00,9.00,85706
0,0,-4.00,0.00,-37.00,85729
0,0,4.00,0.00,-25.00,85752
0,0,14.00,-10.00,-11.00,85775
0,0,-6.00,18.00,31.00,85798
0,0,2.00,-6.00,-11.00,85821
0,0,-2.00,-12.00,-15.00,85845
0,0,-14.00,-10.00,7.00,85868
0,0,4.00,6.00,27.00,85891
0,0,-12.00,-6.00,21.00,85914
0,0,6.00,8.00,25.00,85937
0,0,10.00,10.00,-17.00,85961
0,0,-16.00,-10.00,15.00,85984
0,0,-4.00,-26.00,9.00,86007
0,0,0.00,-16.00,-1.00,86030
0,0,8.00,6.00,5.00,86054
0,0,-10.00,10.00,-17.00,86077
0,0,2.00,26.00,-5.00,86100
0,0,14.00,10.00,-17.00,86123
0,0,0.00,10.00,13.00,86146
0,0,4.00,-14.00,-7.00,86170
0,0,2.00,-16.00,-21.00,86193
0,0,-2.00,16.00,3.00,86216
0,0,0.00,12.00,7.00,86239
0,0,12.00,8.00,3.00,86262
0,0,-10.00,12.00,3.00,86286
0,0,-16.00,6.00,3.00,86310
0,0,12.00,-4.00,-15.00,86334
0,0,4.00,-10.00,13.00,86358
0,0,8.00,-6.00,-15.00,86381
0,0,14.00,22.00,5.00,86405
0,0,6.00,8.00,29.00,86428
0,0,-12.00,4.00,15.00,86452
0,0,12.00,6.00,-17.00,86476
0,0,4.00,-24.00,17.00,86499
0,0,0.00,2.00,-3.00,86522
0,0,-4.00,18.00,-9.00,86546
0,0,4.00,4.00,13.00,86569
0,0,4.00,-2.00,-7.00,86593
0,0,-4.00,-8.00,9.00,86616
0,0,12.00,10.00,13.00,86639
0,0,8.00,8.00,-13.00,86663
0,0,4.00,2.00,11.00,86686
0,0,-8.00,6.00,-15.00,86710
0,0,-12.00,12.00,-9.00,86734
0,0,6.00,-12.00,15.00,86757
0,0,-6.00,2.00,5.00,86781
0,0,2.00,20.00,-5.00,86805
0,0,6.00,8.00,-1.00,86828
0,0,-6.00,8.00,-1.00,86852
0,0,-2.00,18.00,1.00,86876
0,0,8.00,10.00,13.00,86899
0,0,10.00,-2.00,9.00,86923
0,0,6.00,-4.00,-5.00,86947
0,0,2.00,20.00,11.00,86970
0,0,8.00,8.00,1.00,86994
0,0,-10.00,26.00,1.00,87018
0,0,12.00,16.00,1.00,87041
0,0,6.00,-20.00,5.00,87064
0,0,0.00,-24.00,-5.00,87088
0,0,-2.00,0.00,-7.00,87111
0,0,4.00,12.00,-9.00,87134
0,0,0.00,16.00,-5.00,87158
0,0,-12.00,12.00,-3.00,87182
0,0,10.00,12.00,-11.00,87205
0,0,-10.00,4.00,7.00,87229
0,0,14.00,4.00,15.00,87253
0,0,12.00,2.00,-1.00,87276
0,0,-16.00,-2.00,-17.00,87300
0,0,-4.00,14.00,11.00,87324
0,0,-4.00,2.00,-1.00,87348
0,0,0.00,4.00,-1.00,87371
0,0,8.00,14.00,7.00,87395
0,0,-4.00,6.00,1.00,87419
0,0,-4.00,10.00,11.00,87442
0,0,-4.00,6.00,-15.00,87466
0,0,6.00,22.00,17.00,87490
0,0,-10.00,-4.00,-21.00,87513
0,0,6.00,4.00,1.00,87537
0,0,10.00,-16.00,-13.00,87561
0,0,12.00,10.00,31.00,87584
0,0,-8.00,-8.00,1.00,87607
0,0,-8.00,18.00,5.00,87631
0,0,-6.00,4.00,-11.00,87654
0,0,2.00,0.00,-31.00,87677
0,0,12.00,10.00,11.00,87701
0,0,12.00,-4.00,-13.00,87724
0,0,8.00,4.00,-7.00,87748
0,0,0.00,14.00,51.00,87771
0,0,8.00,10.00,47.00,87794
0,0,-12.00,18.00,21.00,87818
0,0,8.00,8.00,-7.00,87841
0,0,8.00,-4.00,-19.00,87865
0,0,-2.00,-4.00,-53.00,87888
0,0,14.00,4.00,-15.00,87911
0,0,-2.00,-16.00,-7.00,87934
0,0,-4.00,8.00,-13.00,87958
0,0,12.00,20.00,-3.00,87981
0,0,10.00,-6.00,9.00,88004
0,0,4.00,-18.00,-7.00,88028
0,0,0.00,-18.00,3.00,88051
0,0,6.00,12.00,-21.00,88075
0,0,16.00,14.00,83.00,88098
0,0,-26.00,-10.00,37.00,88121
0,0,-10.00,30.00,41.00,88145
0,0,10.00,-4.00,31.00,88168
0,0,10.00,6.00,49.00,88192
0,0,2.00,-16.00,55.00,88215
0,0,-6.00,12.00,11.00,88239
0,0,4.00,4.00,13.00,88262
0,0,18.00,12.00,-5.00,88286
0,0,14.00,16.00,-7.00,88310
0,0,-12.00,2.00,-1.00,88334
0,0,-36.00,-6.00,37.00,88357
0,0,26.00,-2.00,-1.00,88381
0,0,-4.00,10.00,21.00,88405
0,0,-10.00,0.00,-13.00,88428
0,0,4.00,24.00,15.00,88452
0,0,8.00,12.00,-3.00,88475
