0,0,-8.00,-6.00,-11.00,495913
0,0,-10.00,-12.00,-9.00,495937
0,0,28.00,14.00,-21.00,495981
0,0,-2.00,10.00,27.00,496004
0,0,-18.00,-2.00,5.00,496027
0,0,-4.00,2.00,-7.00,496050
0,0,-2.00,4.00,13.00,496073
0,0,6.00,0.00,41.00,496096
0,0,18.00,-2.00,39.00,496119
0,0,4.00,-28.00,7.00,496142
0,0,8.00,28.00,-5.00,496166
0,0,2.00,-12.00,-11.00,496189
0,0,4.00,-2.00,-7.00,496213
0,0,8.00,-6.00,-21.00,496236
0,0,-6.00,-8.00,21.00,496260
0,0,4.00,-14.00,17.00,496303
0,0,10.00,0.00,-17.00,496327
0,0,8.00,-12.00,-15.00,496350
0,0,2.00,8.00,-5.00,496374
0,0,6.00,-16.00,7.00,496397
0,0,2.00,-6.00,-9.00,496421
0,0,16.00,22.00,1.00,496444
0,0,-2.00,6.00,-9.00,496467
0,0,4.00,0.00,11.00,496491
0,0,10.00,8.00,-3.00,496514
0,0,2.00,-14.00,-9.00,496537
0,0,-4.00,-18.00,5.00,496561
0,0,-2.00,-8.00,1.00,496584
0,0,-22.00,8.00,-1.00,496627
0,0,4.00,-22.00,-11.00,496651
0,0,-6.00,8.00,9.00,496674
0,0,2.00,-6.00,13.00,496697
0,0,6.00,4.00,-3.00,496720
0,0,4.00,6.00,9.00,496743
0,0,0.00,-26.00,5.00,496767
0,0,12.00,10.00,3.00,496790
0,0,2.00,-8.00,15.00,496813
0,0,6.00,-20.00,1.00,496836
0,0,8.00,14.00,11.00,496859
0,0,-4.00,-4.00,3.00,496882
0,0,4.00,6.00,9.00,496905
0,0,8.00,30.00,21.00,496928
0,0,-4.00,-70.00,-23.00,496951
0,0,-8.00,6.00,-29.00,496975
0,0,-6.00,-8.00,7.00,496998
0,0,10.00,6.00,-25.00,497021
0,0,-10.00,-4.00,5.00,497044
0,0,4.00,14.00,7.00,497067
0,0,-2.00,2.00,11.00,497089
0,0,-4.00,-22.00,-13.00,497113
0,0,12.00,0.00,29.00,497136
0,0,14.00,14.00,7.00,497159
0,0,2.00,-2.00,-1.00,497182
0,0,14.00,-14.00,-9.00,497206
0,0,6.00,-14.00,1.00,497229
0,0,4.00,-2.00,15.00,497252
0,0,-4.00,6.00,7.00,497275
0,0,12.00,0.00,1.00,497298
0,0,-6.00,-8.00,-9.00,497321
0,0,10.00,6.00,1.00,497345
0,0,-14.00,-18.00,13.00,497368
0,0,-2.00,-8.00,23.00,497391
0,0,-6.00,-20.00,-5.00,497414
0,0,-10.00,18.00,23.00,497437
0,0,0.00,-4.00,39.00,497460
0,0,-12.00,20.00,1.00,497483
0,0,-4.00,-18.00,19.00,497506
0,0,14.00,8.00,-35.00,497529
0,0,10.00,-24.00,-63.00,497553
0,0,-14.00,6.00,-17.00,497576
0,0,-14.00,-4.00,13.00,497599
0,0,8.00,2.00,1.00,497622
0,0,10.00,-12.00,3.00,497645
0,0,12.00,2.00,5.00,497668
0,0,4.00,8.00,17.00,497691
0,0,-2.00,-6.00,33.00,497714
0,0,-8.00,10.00,-5.00,497737
0,0,4.00,-4.00,-11.00,497761
0,0,2.00,-34.00,7.00,497784
0,0,54.00,16.00,41.00,497807
0,0,-30.00,66.00,-61.00,497830
0,0,54.00,50.00,47.00,497853
0,0,-64.00,30.00,3.00,497876
0,0,42.00,-8.00,43.00,497899
0,0,2.00,10.00,29.00,497923
0.00,0.00,24.00,18.00,-1.00,498209
0.00,0.00,104.00,-222.00,-143.00,498274
0.00,0.00,6.00,-112.00,75.00,498339
0.00,0.00,0.00,-16.00,-15.00,498405
0.00,0.00,68.00,124.00,7.00,498470
0.00,0.00,32.00,-14.00,-3.00,498535
0.00,0.00,28.00,12.00,55.00,498601
0.00,0.00,12.00,2.00,-7.00,498666
0.00,0.00,8.00,4.00,-21.00,498731
0.00,0.00,14.00,0.00,-1.00,498816
0,0,4.00,0.00,-25.00,498840
0,0,0.00,-30.00,7.00,498863
0,0,6.00,0.00,-15.00,498886
0,0,8.00,12.00,-21.00,498910
0,0,-6.00,-4.00,-15.00,498933
0,0,12.00,10.00,1.00,498956
0,0,4.00,-22.00,-13.00,498979
0,0,4.00,-24.00,11.00,499003
0,0,8.00,-18.00,-5.00,499026
0,0,-14.00,-4.00,-1.00,499049
0,0,6.00,14.00,25.00,499072
0,0,14.00,10.00,15.00,499095
0,0,24.00,-18.00,9.00,499119
0,0,36.00,-14.00,13.00,499142
0,0,18.00,-30.00,27.00,499165
0,0,48.00,12.00,3.00,499188
0,0,4.00,-2.00,23.00,499211
0,0,-28.00,-6.00,-5.00,499235
0,0,2.00,-36.00,-3.00,499258
0,0,-22.00,-6.00,-3.00,499282
0,0,10.00,-18.00,11.00,499305
0,0,6.00,-12.00,3.00,499328
0,0,2.00,-10.00,-17.00,499351
0,0,10.00,-30.00,13.00,499374
0,0,2.00,-8.00,7.00,499397
0,0,-2.00,-10.00,19.00,499420
0,0,10.00,-44.00,9.00,499443
0,0,-28.00,12.00,15.00,499467
0,0,-10.00,-56.00,-9.00,499490
0,0,-8.00,-38.00,-3.00,499513
0,0,-24.00,16.00,11.00,499536
0,0,-14.00,-50.00,9.00,499559
0,0,-24.00,-2.00,-3.00,499582
0,0,-28.00,-32.00,23.00,499606
0,0,-34.00,2.00,-1.00,499629
0,0,-44.00,-40.00,-27.00,499652
0,0,-8.00,-18.00,-11.00,499675
0,0,-40.00,20.00,-33.00,499699
0,0,-42.00,-48.00,23.00,499722
0,0,-24.00,18.00,-7.00,499745
0,0,-44.00,14.00,-5.00,499768
0,0,-58.00,-42.00,1.00,499791
0,0,-42.00,34.00,1.00,499814
0,0,-20.00,-6.00,25.00,499838
0,0,-24.00,66.00,-13.00,499861
0,0,-32.00,16.00,-5.00,499884
0,0,-24.00,64.00,15.00,499907
0,0,-40.00,52.00,1.00,499930
0,0,-20.00,64.00,19.00,499953
0,0,2.00,96.00,5.00,499976
0,0,-22.00,64.00,29.00,499999
0,0,30.00,46.00,5.00,500043
0,0,68.00,78.00,15.00,500066
0,0,38.00,62.00,17.00,500089
0,0,96.00,80.00,-33.00,500112
0,0,64.00,86.00,1.00,500136
0,0,106.00,14.00,13.00,500159
0,0,152.00,-90.00,-59.00,500182
0,0,90.00,-4.00,23.00,500205
0,0,122.00,-6.00,49.00,500229
0,0,90.00,50.00,13.00,500252
0,0,96.00,-104.00,-5.00,500275
0,0,94.00,-100.00,81.00,500298
0,0,64.00,-142.00,63.00,500321
0,0,84.00,-58.00,-15.00,500344
0,0,22.00,-60.00,-11.00,500367
0,0,14.00,-56.00,71.00,500390
0,0,-18.00,-108.00,23.00,500413
0,0,-44.00,-92.00,17.00,500437
0,0,-50.00,-178.00,3.00,500460
0,0,-136.00,-122.00,-51.00,500483
0,0,-150.00,-36.00,17.00,500506
0,0,-160.00,-24.00,19.00,500529
0,0,-112.00,-8.00,3.00,500553
0,0,-142.00,90.00,-37.00,500576
0,0,-108.00,4.00,-81.00,500599
0,0,-128.00,96.00,-3.00,500622
0,0,-106.00,42.00,3.00,500646
0,0,-72.00,180.00,11.00,500669
0,0,-10.00,220.00,11.00,500692
0,0,-8.00,244.00,31.00,500715
0,0,94.00,174.00,-27.00,500738
0,0,92.00,246.00,5.00,500761
0,0,148.00,220.00,49.00,500784
0,0,182.00,42.00,13.00,500807
0,0,202.00,96.00,63.00,500830
0,0,250.00,-58.00,-27.00,500853
0,0,216.00,-134.00,-39.00,500877
0,0,190.00,-204.00,17.00,500900
0,0,144.00,-304.00,-45.00,500923
0,0,32.00,-248.00,-53.00,500946
0,0,44.00,-276.00,41.00,500969
0,0,-28.00,-308.00,-15.00,500993
0.00,0.00,-264.00,-152.00,-13.00,501078
0.00,0.00,-284.00,228.00,-305.00,501143
0.00,0.00,-46.00,266.00,11.00,501208
0.00,0.00,250.00,254.00,-3.00,501273
0.00,0.00,364.00,32.00,-177.00,501338
0.00,0.00,94.00,-230.00,53.00,501404
0.00,0.00,-172.00,-472.00,-1.00,501469
0.00,0.00,-252.00,-290.00,-157.00,501534
0.00,0.00,-216.00,520.00,183.00,501599
0.00,0.00,262.00,272.00,-61.00,501685
0,0,400.00,270.00,-19.00,501708
0,0,428.00,60.00,53.00,501731
0,0,458.00,-136.00,57.00,501754
0,0,320.00,-246.00,55.00,501777
0,0,208.00,-406.00,-35.00,501800
0,0,72.00,-558.00,33.00,501823
0,0,-110.00,-292.00,123.00,501846
0,0,-278.00,-368.00,81.00,501869
0,0,-370.00,-196.00,37.00,501893
0,0,-366.00,60.00,-55.00,501936
0,0,-472.00,572.00,-79.00,501960
0,0,-164.00,290.00,-109.00,501983
0,0,-94.00,648.00,-17.00,502007
0,0,156.00,508.00,-7.00,502030
0,0,360.00,346.00,5.00,502053
0,0,454.00,230.00,35.00,502077
0,0,520.00,-158.00,47.00,502100
0,0,476.00,-286.00,39.00,502123
0,0,236.00,-448.00,363.00,502146
0,0,126.00,-740.00,47.00,502169
0,0,-126.00,-834.00,-43.00,502193
0,0,-332.00,-316.00,111.00,502216
0,0,-484.00,-208.00,-51.00,502239
0,0,-622.00,126.00,-17.00,502262
0,0,-470.00,214.00,-45.00,502286
0,0,-402.00,408.00,109.00,502309
0,0,-150.00,532.00,-179.00,502332
0,0,66.00,760.00,23.00,502355
0,0,388.00,636.00,-19.00,502378
0,0,620.00,208.00,5.00,502401
0,0,616.00,44.00,45.00,502424
0,0,568.00,-98.00,101.00,502448
0,0,358.00,-708.00,185.00,502471
0,0,132.00,-876.00,47.00,502494
0,0,-178.00,-796.00,-153.00,502517
0,0,-378.00,-688.00,29.00,502540
0,0,-570.00,-52.00,97.00,502563
0,0,-664.00,228.00,5.00,502586
0,0,-554.00,-50.00,-505.00,502609
0,0,-270.00,662.00,-39.00,502632
0,0,-10.00,778.00,-3.00,502655
0,0,332.00,776.00,-59.00,502678
0,0,690.00,334.00,-181.00,502701
0,0,732.00,54.00,-13.00,502725
0,0,650.00,-268.00,97.00,502748
0,0,438.00,-1100.00,-333.00,502771
0,0,222.00,-956.00,-23.00,502794
0,0,-130.00,-822.00,1.00,502817
0,0,-558.00,-422.00,-31.00,502840
0,0,-760.00,-124.00,-39.00,502864
0,0,-652.00,318.00,-27.00,502887
0,0,-456.00,810.00,161.00,502910
0,0,-188.00,922.00,89.00,502933
0,0,148.00,874.00,15.00,502956
0,0,542.00,608.00,-83.00,502980
0,0,802.00,442.00,19.00,503003
0,0,818.00,-436.00,-99.00,503027
0,0,786.00,-518.00,121.00,503050
0,0,236.00,-828.00,203.00,503073
0,0,-308.00,-1062.00,-109.00,503096
0,0,-696.00,-640.00,75.00,503120
0,0,-900.00,-106.00,49.00,503143
0,0,-784.00,376.00,97.00,503166
0,0,-590.00,784.00,135.00,503189
0,0,-100.00,900.00,25.00,503212
0,0,408.00,708.00,-181.00,503236
0,0,828.00,364.00,-85.00,503259
0,0,964.00,-42.00,21.00,503283
0,0,838.00,-568.00,75.00,503306
0,0,446.00,-730.00,57.00,503329
0,0,-164.00,-912.00,-107.00,503352
0,0,-542.00,-1070.00,-111.00,503375
0,0,-918.00,-460.00,-9.00,503399
0,0,-898.00,238.00,-71.00,503422
0,0,-666.00,1118.00,-221.00,503445
0,0,-230.00,1144.00,-99.00,503468
0,0,400.00,898.00,-243.00,503491
0,0,858.00,572.00,-195.00,503515
0,0,1222.00,-342.00,-279.00,503538
0.00,0.00,-930.00,-322.00,65.00,503643
0.00,0.00,-426.00,1368.00,79.00,503708
0.00,0.00,1032.00,346.00,63.00,503773
0.00,0.00,216.00,-1304.00,85.00,503838
0.00,0.00,-1090.00,24.00,-117.00,503904
0.00,0.00,116.00,1090.00,-197.00,503969
0.00,0.00,1164.00,-298.00,161.00,504034
0.00,0.00,-616.00,-848.00,31.00,504099
0.00,0.00,-906.00,954.00,-399.00,504164
0.00,0.00,1254.00,170.00,-3.00,504249
0,0,1102.00,-764.00,173.00,504273
0,0,642.00,-1520.00,159.00,504296
0,0,-610.00,-754.00,211.00,504320
0,0,-994.00,-1082.00,-89.00,504343
0,0,-1326.00,30.00,-1.00,504366
0,0,-1242.00,696.00,-205.00,504389
0,0,-204.00,1124.00,-141.00,504412
0,0,648.00,1166.00,-115.00,504436
0,0,1146.00,838.00,-33.00,504459
0,0,1322.00,-284.00,-79.00,504481
0,0,1098.00,-636.00,309.00,504504
0,0,82.00,-1572.00,277.00,504527
0,0,-936.00,-1050.00,1.00,504550
0,0,-1320.00,-348.00,-41.00,504574
0,0,-1390.00,496.00,-129.00,504597
0,0,-652.00,1448.00,-215.00,504621
0,0,418.00,1618.00,-103.00,504644
0,0,1044.00,780.00,-375.00,504668
0,0,1536.00,-36.00,95.00,504691
0,0,1000.00,-1734.00,-81.00,504715
0,0,24.00,-1560.00,197.00,504738
0,0,-732.00,-1708.00,39.00,504761
0,0,-1340.00,-508.00,73.00,504784
0,0,-906.00,1546.00,-77.00,504828
0,0,200.00,1350.00,-237.00,504851
0,0,1098.00,1140.00,-97.00,504874
0,0,1622.00,0.00,-25.00,504897
0,0,1198.00,-1186.00,133.00,504921
0,0,238.00,-1744.00,155.00,504944
0,0,-792.00,-1398.00,73.00,504968
0,0,-1352.00,-852.00,-53.00,504991
0,0,-1554.00,500.00,-137.00,505015
0,0,-816.00,1624.00,-1.00,505038
0,0,354.00,1608.00,-45.00,505062
0,0,1394.00,688.00,-463.00,505085
0,0,1594.00,-26.00,137.00,505108
0,0,30.00,-1862.00,269.00,505152
0,0,-816.00,-1626.00,37.00,505175
0,0,-1564.00,-640.00,-39.00,505198
0,0,-1394.00,752.00,-35.00,505222
0,0,-526.00,1648.00,-57.00,505245
0,0,672.00,1702.00,35.00,505268
0,0,1492.00,874.00,-115.00,505291
0,0,1686.00,-442.00,85.00,505314
0,0,766.00,-1780.00,289.00,505338
0,0,-444.00,-1626.00,513.00,505361
0,0,-1260.00,-1074.00,-23.00,505384
0,0,-1568.00,186.00,-49.00,505408
0,0,-1146.00,1390.00,-155.00,505431
0,0,66.00,1918.00,-93.00,505454
0,0,1318.00,1326.00,-325.00,505477
0,0,1870.00,82.00,129.00,505500
0,0,1062.00,-1332.00,-121.00,505523
0,0,98.00,-2390.00,-109.00,505547
0,0,-1074.00,-1612.00,269.00,505570
0,0,-1774.00,-268.00,13.00,505593
0,0,-1432.00,342.00,-467.00,505616
0,0,-276.00,1738.00,-287.00,505639
0,0,966.00,1676.00,175.00,505662
0,0,1776.00,956.00,-187.00,505685
0,0,1630.00,-614.00,117.00,505708
0,0,642.00,-1646.00,-67.00,505732
0,0,-930.00,-1626.00,101.00,505755
0,0,-1734.00,-620.00,141.00,505778
0,0,-1812.00,596.00,-93.00,505801
0,0,-704.00,1670.00,-111.00,505825
0,0,774.00,1736.00,-73.00,505848
0,0,1872.00,238.00,-451.00,505871
0,0,1770.00,-148.00,255.00,505894
0,0,612.00,-1500.00,263.00,505917
0,0,-722.00,-2470.00,669.00,505941
0,0,-1724.00,-584.00,323.00,505964
0,0,-1814.00,516.00,-341.00,505987
0,0,-948.00,1174.00,-389.00,506010
0,0,732.00,1606.00,-233.00,506034
0,0,1722.00,1120.00,475.00,506057
0,0,1894.00,-700.00,211.00,506080
0.00,0.00,-1418.00,1222.00,-271.00,506185
0.00,0.00,2060.00,-72.00,-239.00,506250
0.00,0.00,-1288.00,-1668.00,137.00,506315
0.00,0.00,-518.00,1742.00,-205.00,506380
0.00,0.00,1942.00,-1018.00,297.00,506445
0.00,0.00,-1824.00,-762.00,217.00,506511
0.00,0.00,662.00,1892.00,-45.00,506575
0.00,0.00,956.00,-1886.00,-163.00,506640
0.00,0.00,-2192.00,762.00,-229.00,506706
0.00,0.00,2134.00,-418.00,-179.00,506791
0,0,1090.00,-2154.00,31.00,506814
0,0,-502.00,-2292.00,-45.00,506837
0,0,-1906.00,-798.00,155.00,506860
0,0,-2264.00,698.00,-273.00,506883
0,0,-990.00,1520.00,137.00,506906
0,0,850.00,1820.00,-145.00,506929
0,0,2088.00,412.00,-351.00,506953
0,0,1986.00,-1328.00,65.00,506976
0,0,698.00,-1762.00,103.00,506999
0,0,-1324.00,-1426.00,27.00,507021
0,0,-2002.00,-288.00,29.00,507044
0,0,-1850.00,1692.00,-359.00,507067
0,0,-254.00,1922.00,-187.00,507090
0,0,1534.00,1556.00,-73.00,507113
0,0,2326.00,-580.00,-557.00,507137
0,0,1738.00,-1288.00,-317.00,507160
0,0,-276.00,-2106.00,-33.00,507184
0,0,-1698.00,-1140.00,231.00,507207
0,0,-2268.00,610.00,-181.00,507230
0,0,-1040.00,1774.00,43.00,507254
0,0,746.00,2038.00,-129.00,507277
0,0,2074.00,542.00,35.00,507301
0,0,2046.00,-980.00,263.00,507324
0,0,628.00,-1762.00,107.00,507347
0,0,-1348.00,-1650.00,-49.00,507370
0,0,-1978.00,-374.00,125.00,507393
0,0,-1836.00,1600.00,-87.00,507416
0,0,-246.00,2278.00,-101.00,507439
0,0,1574.00,1682.00,-37.00,507462
0,0,2390.00,-246.00,-499.00,507485
0,0,1580.00,-1108.00,65.00,507508
0,0,-274.00,-2452.00,571.00,507531
0,0,-1818.00,-1294.00,-81.00,507555
0,0,-2196.00,492.00,-153.00,507578
0,0,-1286.00,1740.00,-321.00,507601
0,0,684.00,1978.00,-257.00,507624
0,0,2120.00,1574.00,607.00,507647
0,0,2144.00,-1002.00,9.00,507670
0,0,934.00,-1432.00,323.00,507693
0,0,-1208.00,-1738.00,-103.00,507717
0,0,-2068.00,-668.00,333.00,507740
0,0,-1852.00,1298.00,-393.00,507763
0,0,-280.00,2318.00,-1.00,507786
0,0,1476.00,1632.00,-39.00,507809
0,0,2290.00,394.00,-403.00,507832
0,0,1762.00,-1198.00,395.00,507856
0,0,-320.00,-1710.00,535.00,507879
0,0,-1810.00,-1302.00,-55.00,507902
0,0,-2282.00,664.00,29.00,507926
0,0,-1126.00,1758.00,-31.00,507949
0,0,692.00,1976.00,-115.00,507972
0,0,2072.00,1556.00,-295.00,507995
0,0,2118.00,-988.00,-101.00,508018
0,0,758.00,-1658.00,113.00,508041
0,0,-1314.00,-1850.00,83.00,508064
0,0,-2106.00,-402.00,433.00,508088
0,0,-1920.00,1054.00,-617.00,508111
0,0,-168.00,1804.00,-263.00,508134
0,0,1644.00,1520.00,-15.00,508157
0,0,2330.00,650.00,-217.00,508181
0,0,1898.00,-1944.00,549.00,508204
0,0,-400.00,-1722.00,-345.00,508227
0,0,-1906.00,-1246.00,-29.00,508251
0,0,-2264.00,1006.00,39.00,508274
0,0,-954.00,1674.00,35.00,508297
0,0,832.00,1772.00,-171.00,508320
0,0,1960.00,652.00,727.00,508343
0,0,2046.00,-1334.00,139.00,508366
0,0,710.00,-1732.00,-227.00,508390
0,0,-1258.00,-1656.00,101.00,508413
0,0,-2070.00,-156.00,363.00,508437
0,0,-1798.00,846.00,-769.00,508460
0,0,-14.00,1826.00,-223.00,508483
0,0,1668.00,1236.00,-123.00,508506
0,0,2254.00,-384.00,-179.00,508529
0,0,1280.00,-2318.00,-65.00,508553
0,0,-440.00,-2164.00,341.00,508576
0,0,-1904.00,-908.00,135.00,508599
0,0,-2294.00,842.00,-239.00,508622
0,0,-926.00,1812.00,1.00,508645
0.00,0.00,-592.00,-2460.00,-171.00,508751
0.00,0.00,-932.00,1618.00,-71.00,508816
0.00,0.00,2180.00,-898.00,-267.00,508881
0.00,0.00,-1992.00,-926.00,107.00,508946
0.00,0.00,670.00,2222.00,-35.00,509011
0.00,0.00,1104.00,-2242.00,317.00,509076
0.00,0.00,-2274.00,892.00,-103.00,509141
0.00,0.00,2176.00,660.00,-433.00,509206
0.00,0.00,-664.00,-2562.00,-263.00,509271
0.00,0.00,518.00,2196.00,-97.00,509356
0,0,2024.00,746.00,-393.00,509379
0,0,2074.00,-1170.00,-91.00,509402
0,0,976.00,-2160.00,157.00,509425
0,0,-962.00,-2046.00,23.00,509448
0,0,-1988.00,-700.00,121.00,509472
0,0,-2160.00,948.00,-957.00,509495
0,0,-380.00,1862.00,163.00,509518
0,0,1266.00,1646.00,-43.00,509542
0,0,2444.00,-174.00,-127.00,509565
0,0,1716.00,-688.00,1221.00,509588
0,0,-358.00,-1566.00,869.00,509611
0,0,-1786.00,-1354.00,-381.00,509635
0,0,-2122.00,542.00,39.00,509658
0,0,-1278.00,1670.00,-253.00,509681
0,0,644.00,2330.00,-67.00,509704
0,0,2164.00,1190.00,301.00,509727
0,0,2192.00,-1144.00,-159.00,509750
0,0,972.00,-1924.00,111.00,509773
0,0,-1346.00,-1842.00,119.00,509796
0,0,-2128.00,-356.00,149.00,509820
0,0,-1926.00,652.00,361.00,509844
0,0,-290.00,2060.00,-81.00,509867
0,0,1670.00,1374.00,-205.00,509890
0,0,2316.00,-206.00,-475.00,509913
0,0,1802.00,-850.00,503.00,509937
0,0,-432.00,-2428.00,389.00,509960
0,0,-1780.00,-1376.00,-29.00,509983
0,0,-2236.00,580.00,21.00,510006
0,0,-1006.00,1708.00,19.00,510029
0,0,768.00,1978.00,-177.00,510053
0,0,2218.00,1062.00,125.00,510076
0,0,1984.00,-1306.00,-97.00,510099
0,0,772.00,-2108.00,-249.00,510122
0,0,-1358.00,-1616.00,9.00,510145
0,0,-1970.00,-464.00,215.00,510168
0,0,-1932.00,1118.00,-531.00,510191
0,0,-222.00,1962.00,-179.00,510214
0,0,2496.00,100.00,-95.00,510258
0,0,1684.00,-730.00,1205.00,510281
0,0,284.00,-2512.00,633.00,510304
0,0,-1806.00,-1500.00,-49.00,510327
0,0,-2034.00,436.00,273.00,510349
0,0,-1258.00,1412.00,-397.00,510373
0,0,452.00,1988.00,-3.00,510395
0,0,1906.00,1238.00,397.00,510419
0,0,2158.00,-922.00,-359.00,510442
0,0,1042.00,-1808.00,563.00,510465
0,0,-1028.00,-2370.00,-45.00,510488
0,0,-2228.00,-418.00,-77.00,510512
0,0,-1990.00,890.00,-597.00,510535
0,0,-308.00,2224.00,-167.00,510558
0,0,1376.00,1974.00,63.00,510581
0,0,2474.00,-178.00,-279.00,510605
0,0,1614.00,-1980.00,-33.00,510628
0,0,108.00,-1818.00,-51.00,510651
0,0,-1876.00,-1644.00,29.00,510674
0,0,-2056.00,474.00,233.00,510697
0,0,-1258.00,1552.00,-677.00,510721
0,0,544.00,2392.00,-91.00,510744
0,0,1970.00,1300.00,411.00,510767
0,0,2160.00,-982.00,-439.00,510790
0,0,760.00,-1454.00,291.00,510814
0,0,-1316.00,-2034.00,-293.00,510837
0,0,-2216.00,-634.00,93.00,510860
0,0,-1836.00,732.00,-93.00,510883
0,0,-178.00,2426.00,-35.00,510906
0,0,1524.00,1546.00,-177.00,510929
0,0,2430.00,-104.00,-307.00,510952
0,0,1726.00,-900.00,277.00,510975
0,0,-562.00,-1936.00,17.00,510999
0,0,-1914.00,-1424.00,-137.00,511022
0,0,-2160.00,704.00,-1.00,511045
0,0,-1180.00,1790.00,-207.00,511068
0,0,746.00,2088.00,-303.00,511091
0,0,2000.00,740.00,-41.00,511115
0,0,2040.00,-1246.00,-93.00,511138
0,0,770.00,-1802.00,285.00,511161
0,0,-1230.00,-1710.00,55.00,511184
0,0,-2128.00,-378.00,233.00,511207
0.00,0.00,2328.00,462.00,231.00,511292
0.00,0.00,-1506.00,-1812.00,1.00,511357
0.00,0.00,-486.00,1820.00,-95.00,511422
0.00,0.00,1862.00,-1384.00,317.00,511488
0.00,0.00,-2170.00,-574.00,175.00,511553
0.00,0.00,1204.00,1710.00,-141.00,511618
0.00,0.00,668.00,-1908.00,391.00,511682
0.00,0.00,-1876.00,1268.00,-151.00,511747
0.00,0.00,2330.00,422.00,25.00,511812
0.00,0.00,-2216.00,-364.00,371.00,511898
0,0,-1886.00,1690.00,237.00,511921
0,0,-290.00,2144.00,-83.00,511944
0,0,1590.00,1414.00,-169.00,511967
0,0,2342.00,-222.00,-151.00,511990
0,0,1738.00,-1408.00,943.00,512014
0,0,-398.00,-1486.00,599.00,512037
0,0,-1758.00,-1258.00,31.00,512060
0,0,-2242.00,796.00,-53.00,512084
0,0,-1008.00,1628.00,-183.00,512107
0,0,2096.00,892.00,-101.00,512150
0,0,2106.00,-910.00,-15.00,512173
0,0,992.00,-1612.00,365.00,512196
0,0,-1110.00,-1772.00,77.00,512219
0,0,-2232.00,-490.00,375.00,512243
0,0,-1892.00,560.00,271.00,512266
0,0,-282.00,2164.00,29.00,512290
0,0,1550.00,1492.00,-139.00,512313
0,0,2370.00,-160.00,-319.00,512337
0,0,1770.00,-1080.00,833.00,512360
0,0,-342.00,-1494.00,711.00,512383
0,0,-1856.00,-1144.00,79.00,512407
0,0,-2182.00,674.00,-93.00,512430
0,0,-1064.00,1326.00,-283.00,512453
0,0,922.00,1802.00,-51.00,512477
0,0,2256.00,610.00,205.00,512500
0,0,2066.00,-1188.00,119.00,512523
0,0,854.00,-1472.00,159.00,512546
0,0,-1394.00,-1454.00,85.00,512570
0,0,-2228.00,-36.00,163.00,512593
0,0,-1744.00,1088.00,-373.00,512616
0,0,-64.00,1812.00,-169.00,512639
0,0,1688.00,1182.00,25.00,512662
0,0,2356.00,-278.00,-141.00,512685
0,0,1436.00,-1628.00,463.00,512709
0,0,-560.00,-2006.00,469.00,512732
0,0,-1964.00,-696.00,249.00,512755
0,0,-2226.00,1044.00,-47.00,512778
0,0,-884.00,1806.00,-201.00,512801
0,0,1018.00,1910.00,-165.00,512825
0,0,2350.00,450.00,157.00,512848
0,0,1732.00,-1586.00,287.00,512871
0,0,46.00,-2748.00,-529.00,512895
0,0,-1492.00,-1576.00,35.00,512918
0,0,-2162.00,18.00,299.00,512941
0,0,-1492.00,1832.00,-261.00,512964
0,0,58.00,2116.00,-121.00,512987
0,0,1860.00,1166.00,33.00,513010
0,0,2236.00,-454.00,-169.00,513033
0,0,1288.00,-2208.00,451.00,513056
0,0,-694.00,-2542.00,-97.00,513080
0,0,-2070.00,-914.00,-77.00,513103
0,0,-2146.00,1050.00,-115.00,513126
0,0,-710.00,2150.00,171.00,513149
0,0,1142.00,1680.00,-137.00,513172
0,0,2166.00,514.00,135.00,513195
0,0,1792.00,-1326.00,193.00,513218
0,0,-280.00,-2626.00,-591.00,513241
0,0,-1556.00,-1622.00,27.00,513264
0,0,-2130.00,-50.00,181.00,513287
0,0,-1592.00,1838.00,-601.00,513310
0,0,114.00,2178.00,-135.00,513333
0,0,1960.00,998.00,-245.00,513356
0,0,2266.00,-344.00,21.00,513379
0,0,1190.00,-2194.00,433.00,513402
0,0,-674.00,-1930.00,313.00,513425
0,0,-2158.00,-700.00,279.00,513448
0,0,-2200.00,920.00,-35.00,513471
0,0,-774.00,1810.00,-59.00,513494
0,0,1080.00,1780.00,-143.00,513517
0,0,2150.00,702.00,309.00,513540
0,0,1868.00,-1454.00,295.00,513563
0,0,498.00,-2066.00,127.00,513586
0,0,-1478.00,-1598.00,-187.00,513609
0,0,-2170.00,118.00,353.00,513632
0,0,-1570.00,1702.00,-221.00,513655
0,0,16.00,2170.00,-13.00,513678
0,0,1770.00,990.00,-123.00,513701
0,0,2164.00,-330.00,-121.00,513724
0,0,1228.00,-2268.00,271.00,513747
0.00,0.00,192.00,2088.00,-175.00,513852
0.00,0.00,1660.00,-2122.00,719.00,513917
0.00,0.00,-2186.00,492.00,133.00,513982
0.00,0.00,1818.00,918.00,-211.00,514047
0.00,0.00,-290.00,-2476.00,-265.00,514112
0.00,0.00,-1218.00,1880.00,15.00,514177
0.00,0.00,2336.00,-282.00,115.00,514242
0.00,0.00,-1814.00,-1034.00,123.00,514307
0.00,0.00,392.00,2126.00,-219.00,514373
0.00,0.00,-320.00,-2440.00,415.00,514458
0,0,-1870.00,-1344.00,-57.00,514481
0,0,-2220.00,662.00,99.00,514504
0,0,-1052.00,1820.00,-303.00,514527
0,0,800.00,2054.00,-237.00,514550
0,0,1942.00,940.00,309.00,514573
0,0,2062.00,-904.00,11.00,514596
0,0,832.00,-1500.00,219.00,514619
0,0,-1414.00,-2020.00,49.00,514642
0,0,-2180.00,-518.00,237.00,514665
0,0,-1972.00,1050.00,-625.00,514688
0,0,-226.00,2082.00,-9.00,514711
0,0,1594.00,1572.00,-129.00,514734
0,0,2336.00,-26.00,-37.00,514757
0,0,1758.00,-860.00,421.00,514780
0,0,-368.00,-2174.00,-287.00,514803
0,0,-1774.00,-1388.00,-117.00,514826
0,0,-2232.00,864.00,135.00,514849
0,0,-1172.00,1612.00,-155.00,514873
0,0,708.00,1878.00,-369.00,514896
0,0,2016.00,614.00,-135.00,514919
0,0,2134.00,-1220.00,-161.00,514942
0,0,840.00,-1738.00,301.00,514965
0,0,-1326.00,-1676.00,155.00,514988
0,0,-2174.00,-276.00,333.00,515012
0,0,-1878.00,658.00,-379.00,515035
0,0,-264.00,1962.00,-37.00,515058
0,0,1616.00,1444.00,-261.00,515081
0,0,2328.00,10.00,-27.00,515105
0,0,1660.00,-1940.00,885.00,515128
0,0,-452.00,-2212.00,-37.00,515151
0,0,-1876.00,-1136.00,-95.00,515174
0,0,-2202.00,798.00,-31.00,515197
0,0,-998.00,1690.00,-219.00,515220
0,0,778.00,1806.00,-105.00,515244
0,0,2034.00,724.00,585.00,515267
0,0,2020.00,-1406.00,-83.00,515290
0,0,824.00,-1728.00,-1.00,515313
0,0,-1426.00,-1676.00,75.00,515336
0,0,-2170.00,-200.00,137.00,515359
0,0,-1838.00,1306.00,-193.00,515382
0,0,-82.00,1884.00,-87.00,515405
0,0,1532.00,1306.00,5.00,515428
0,0,2328.00,-132.00,131.00,515451
0,0,1458.00,-896.00,951.00,515474
0,0,-616.00,-2082.00,167.00,515497
0,0,-1910.00,-986.00,-73.00,515521
0,0,-2054.00,946.00,35.00,515544
0,0,-960.00,1462.00,-315.00,515567
0,0,884.00,1892.00,-161.00,515590
0,0,2056.00,802.00,385.00,515613
0,0,2204.00,-1692.00,-139.00,515636
0,0,922.00,-1526.00,271.00,515659
0,0,-1454.00,-1306.00,377.00,515683
0,0,-2212.00,68.00,227.00,515706
0,0,-1676.00,1862.00,69.00,515729
0,0,-6.00,2120.00,-69.00,515752
0,0,1678.00,1138.00,-25.00,515775
0,0,2424.00,-550.00,35.00,515798
0,0,1314.00,-1574.00,467.00,515821
0,0,-366.00,-1996.00,93.00,515844
0,0,-2062.00,-864.00,-97.00,515868
0,0,-2050.00,1062.00,-13.00,515891
0,0,-800.00,1882.00,-107.00,515914
0,0,1140.00,1688.00,-195.00,515938
0,0,2154.00,240.00,307.00,515960
0,0,1918.00,-1938.00,129.00,515984
0,0,296.00,-2100.00,701.00,516007
0,0,-1524.00,-1838.00,-145.00,516031
0,0,-2278.00,148.00,253.00,516054
0,0,-1368.00,1968.00,-319.00,516077
0,0,364.00,2094.00,-269.00,516100
0,0,1770.00,1198.00,237.00,516124
0,0,2248.00,-664.00,-27.00,516147
0,0,948.00,-2094.00,-237.00,516171
0,0,-882.00,-2080.00,83.00,516194
0,0,-2206.00,-574.00,7.00,516217
0,0,-1974.00,940.00,-347.00,516241
0,0,-422.00,1938.00,-195.00,516264
0,0,1342.00,1722.00,-165.00,516287
0,0,2446.00,-134.00,69.00,516311
0.00,0.00,-2068.00,-388.00,57.00,516396
0.00,0.00,1294.00,1832.00,-65.00,516461
0.00,0.00,392.00,-1854.00,719.00,516525
0.00,0.00,-1854.00,1750.00,-549.00,516591
0.00,0.00,2448.00,118.00,119.00,516655
0.00,0.00,-1430.00,-1384.00,201.00,516721
0.00,0.00,-270.00,2094.00,-143.00,516786
0.00,0.00,1658.00,-1600.00,1061.00,516851
0.00,0.00,-2266.00,170.00,205.00,516916
0.00,0.00,2516.00,-80.00,-61.00,517001
0,0,1544.00,-728.00,977.00,517025
0,0,-136.00,-1568.00,687.00,517048
0,0,-1698.00,-1474.00,-157.00,517071
0,0,-2238.00,874.00,119.00,517095
0,0,-1172.00,1514.00,-317.00,517118
0,0,422.00,2142.00,-191.00,517141
0,0,2040.00,1012.00,-451.00,517164
0,0,2284.00,-786.00,119.00,517187
0,0,974.00,-1746.00,267.00,517210
0,0,-2104.00,-668.00,189.00,517253
0,0,-1998.00,1372.00,173.00,517276
0,0,-646.00,2018.00,87.00,517299
0,0,1178.00,1942.00,-133.00,517322
0,0,2290.00,222.00,-83.00,517345
0,0,1672.00,-1820.00,-201.00,517369
0,0,164.00,-1368.00,495.00,517392
0,0,-1592.00,-1506.00,-157.00,517416
0,0,-2266.00,530.00,189.00,517439
0,0,-1174.00,1496.00,-589.00,517462
0,0,338.00,2332.00,-61.00,517485
0,0,1980.00,366.00,-625.00,517509
0,0,2128.00,-646.00,143.00,517532
0,0,1084.00,-1734.00,593.00,517555
0,0,-1058.00,-1758.00,87.00,517578
0,0,-2030.00,-394.00,205.00,517601
0,0,-2014.00,1532.00,349.00,517624
0,0,-370.00,2222.00,151.00,517648
0,0,1452.00,1562.00,-135.00,517671
0,0,2424.00,-152.00,-327.00,517694
0,0,1672.00,-1822.00,-325.00,517717
0,0,-222.00,-2422.00,-367.00,517740
0,0,-1660.00,-1388.00,113.00,517763
0,0,-2176.00,740.00,179.00,517786
0,0,-1284.00,1768.00,-243.00,517809
0,0,564.00,2120.00,-409.00,517832
0,0,2002.00,352.00,-517.00,517856
0,0,2090.00,-1132.00,-87.00,517879
0,0,856.00,-1770.00,225.00,517902
0,0,-1352.00,-1478.00,329.00,517926
0,0,-2012.00,-370.00,-167.00,517949
0,0,-1896.00,1820.00,-435.00,517973
0,0,-64.00,2048.00,-89.00,517996
0,0,1546.00,1452.00,51.00,518019
0,0,2322.00,-234.00,-87.00,518042
0,0,1468.00,-1000.00,1023.00,518065
0,0,-178.00,-1732.00,487.00,518088
0,0,-1792.00,-1030.00,57.00,518112
0,0,-2198.00,816.00,149.00,518135
0,0,-1060.00,1592.00,-207.00,518158
0,0,868.00,1920.00,-277.00,518181
0,0,2048.00,848.00,161.00,518204
0,0,2114.00,-1448.00,39.00,518227
0,0,874.00,-1560.00,97.00,518250
0,0,-1386.00,-1452.00,217.00,518273
0,0,-2192.00,-146.00,-77.00,518296
0,0,-1848.00,1278.00,-265.00,518319
0,0,-98.00,1940.00,-223.00,518342
0,0,1690.00,1306.00,-19.00,518365
0,0,2260.00,42.00,125.00,518389
0,0,1352.00,-1058.00,911.00,518412
0,0,-590.00,-2236.00,-87.00,518435
0,0,-1854.00,-1188.00,-165.00,518458
0,0,-2130.00,1012.00,51.00,518481
0,0,-948.00,1856.00,-27.00,518505
0,0,1042.00,1684.00,-195.00,518528
0,0,1998.00,622.00,341.00,518551
0,0,1928.00,-1616.00,31.00,518574
0,0,338.00,-2490.00,-211.00,518597
0,0,-1546.00,-1436.00,-47.00,518620
0,0,-2218.00,222.00,23.00,518643
0,0,-1680.00,1866.00,-185.00,518666
0,0,24.00,2166.00,-149.00,518689
0,0,1590.00,1138.00,-81.00,518712
0,0,2280.00,-236.00,213.00,518735
0,0,1306.00,-2376.00,101.00,518758
0,0,-686.00,-1840.00,167.00,518781
0,0,-1766.00,-1076.00,67.00,518804
0,0,-2164.00,964.00,-51.00,518827
0,0,-884.00,1988.00,23.00,518850
0.00,0.00,-800.00,-2238.00,-41.00,518956
0.00,0.00,-984.00,1416.00,-269.00,519022
0.00,0.00,2220.00,-738.00,129.00,519087
0.00,0.00,-1972.00,-752.00,21.00,519152
0.00,0.00,866.00,2068.00,-93.00,519217
0.00,0.00,1140.00,-1950.00,663.00,519282
0.00,0.00,-1972.00,1212.00,-13.00,519347
0.00,0.00,2118.00,354.00,-293.00,519412
0.00,0.00,-1096.00,-2310.00,-53.00,519477
0.00,0.00,720.00,2008.00,-281.00,519562
0,0,1960.00,578.00,205.00,519585
0,0,2038.00,-1522.00,-83.00,519608
0,0,1190.00,-1658.00,21.00,519631
0,0,-1304.00,-1476.00,291.00,519655
0,0,-2250.00,-184.00,69.00,519678
0,0,-1776.00,1356.00,-241.00,519701
0,0,-92.00,1924.00,-93.00,519724
0,0,1654.00,1322.00,-83.00,519747
0,0,2282.00,92.00,393.00,519770
0,0,1282.00,-2130.00,-9.00,519794
0,0,-288.00,-2434.00,-283.00,519817
0,0,-2080.00,-918.00,145.00,519841
0,0,-2198.00,1216.00,11.00,519864
0,0,-794.00,1998.00,45.00,519887
0,0,1038.00,1616.00,-251.00,519910
0,0,2156.00,124.00,-243.00,519933
0,0,1644.00,-1362.00,307.00,519957
0,0,626.00,-1648.00,669.00,519980
0,0,-1454.00,-1536.00,77.00,520003
0,0,-2220.00,134.00,9.00,520026
0,0,-1646.00,1922.00,-503.00,520049
0,0,116.00,1978.00,-151.00,520073
0,0,1834.00,880.00,-389.00,520096
0,0,2332.00,-270.00,439.00,520119
0,0,948.00,-2210.00,571.00,520142
0,0,-926.00,-2194.00,-115.00,520165
0,0,-2230.00,-854.00,-91.00,520188
0,0,-1904.00,1482.00,151.00,520211
0,0,-614.00,2000.00,-61.00,520234
0,0,1128.00,1752.00,-83.00,520257
0,0,2228.00,24.00,-555.00,520280
0,0,1532.00,-1562.00,-277.00,520303
0,0,430.00,-2134.00,295.00,520326
0,0,-1522.00,-1594.00,131.00,520350
0,0,-2208.00,252.00,107.00,520373
0,0,-1514.00,1914.00,-571.00,520397
0,0,344.00,2208.00,-23.00,520420
0,0,2300.00,-464.00,189.00,520463
0,0,1046.00,-2174.00,271.00,520486
0,0,-564.00,-1626.00,467.00,520509
0,0,-1958.00,-838.00,-35.00,520533
0,0,-2038.00,1314.00,1.00,520556
0,0,-668.00,1992.00,-139.00,520580
0,0,1068.00,1704.00,-85.00,520603
0,0,2044.00,436.00,261.00,520626
0,0,1460.00,-1970.00,383.00,520649
0,0,112.00,-3032.00,-843.00,520672
0,0,-1594.00,-1720.00,-17.00,520695
0,0,-2194.00,220.00,-43.00,520718
0,0,-1554.00,1998.00,57.00,520742
0,0,358.00,2286.00,-105.00,520765
0,0,1936.00,1228.00,-163.00,520788
0,0,2344.00,-500.00,139.00,520811
0,0,804.00,-1764.00,45.00,520835
0,0,-982.00,-2058.00,127.00,520858
0,0,-2024.00,-614.00,143.00,520881
0,0,-2162.00,872.00,-183.00,520904
0,0,-410.00,2016.00,-151.00,520928
0,0,1336.00,1904.00,-101.00,520951
0,0,2120.00,540.00,413.00,520975
0,0,1584.00,-1382.00,-117.00,520998
0,0,-20.00,-2626.00,-225.00,521021
0,0,-1626.00,-1170.00,237.00,521044
0,0,-2256.00,912.00,21.00,521067
0,0,-1452.00,1730.00,-61.00,521090
0,0,488.00,2056.00,-459.00,521113
0,0,1908.00,922.00,233.00,521136
0,0,2302.00,-1238.00,15.00,521159
0,0,802.00,-1436.00,373.00,521182
0,0,-1210.00,-1540.00,185.00,521206
0,0,-2138.00,-476.00,-125.00,521229
0,0,-1944.00,1810.00,269.00,521252
0,0,-222.00,2122.00,115.00,521275
0,0,1630.00,1268.00,-281.00,521298
0,0,2262.00,-74.00,53.00,521321
0,0,1390.00,-952.00,699.00,521345
0,0,-356.00,-2324.00,-421.00,521368
0,0,-1728.00,-1484.00,-41.00,521391
0,0,-2222.00,816.00,317.00,521414
0.00,0.00,2426.00,-374.00,241.00,521499
0.00,0.00,-1794.00,-1196.00,-45.00,521564
0.00,0.00,468.00,2270.00,-25.00,521630
0.00,0.00,904.00,-2202.00,445.00,521695
0.00,0.00,-2176.00,658.00,-45.00,521760
0.00,0.00,1932.00,1294.00,115.00,521825
0.00,0.00,-772.00,-2288.00,-105.00,521890
0.00,0.00,-924.00,1816.00,-439.00,521955
0.00,0.00,2392.00,-886.00,243.00,522020
0.00,0.00,-2230.00,1044.00,149.00,522105
0,0,-956.00,1444.00,-335.00,522128
0,0,888.00,1922.00,-197.00,522152
0,0,1920.00,656.00,623.00,522175
0,0,2266.00,-1612.00,209.00,522198
0,0,1006.00,-1910.00,471.00,522222
0,0,-1450.00,-1992.00,-13.00,522245
0,0,-2306.00,-206.00,-97.00,522268
0,0,-1730.00,1746.00,33.00,522291
0,0,8.00,2090.00,-113.00,522314
0,0,2382.00,-290.00,-337.00,522357
0,0,1436.00,-934.00,665.00,522380
0,0,94.00,-1624.00,185.00,522403
0,0,-1796.00,-1004.00,7.00,522426
0,0,-2214.00,794.00,-47.00,522450
0,0,-962.00,1564.00,-467.00,522473
0,0,790.00,1900.00,-167.00,522496
0,0,2204.00,318.00,21.00,522519
0,0,2128.00,-1090.00,445.00,522542
0,0,608.00,-1906.00,207.00,522565
0,0,-1426.00,-1618.00,-145.00,522589
0,0,-2246.00,-184.00,-3.00,522612
0,0,-1742.00,770.00,-55.00,522635
0,0,-20.00,2086.00,89.00,522658
0,0,1824.00,1110.00,43.00,522681
0,0,2382.00,-552.00,-155.00,522704
0,0,1002.00,-2432.00,-257.00,522727
0,0,-460.00,-2234.00,363.00,522750
0,0,-1912.00,-944.00,355.00,522773
0,0,-2120.00,866.00,9.00,522796
0,0,-882.00,1834.00,-255.00,522819
0,0,758.00,2158.00,-119.00,522842
0,0,2022.00,112.00,-189.00,522865
0,0,1996.00,-1160.00,431.00,522888
0,0,238.00,-2024.00,-69.00,522912
0,0,-1596.00,-1530.00,393.00,522935
0,0,-2294.00,-162.00,-381.00,522958
0,0,-1688.00,1816.00,-91.00,522981
0,0,56.00,1942.00,235.00,523004
0,0,1664.00,1348.00,123.00,523027
0,0,2412.00,-312.00,-1.00,523051
0,0,966.00,-2196.00,163.00,523074
0,0,-680.00,-2236.00,37.00,523097
0,0,-1978.00,-1022.00,57.00,523120
0,0,-2098.00,1296.00,-49.00,523143
0,0,-810.00,1826.00,-13.00,523166
0,0,1040.00,1916.00,-135.00,523189
0,0,2074.00,104.00,-59.00,523212
0,0,1976.00,-1934.00,453.00,523235
0,0,298.00,-2468.00,-179.00,523258
0,0,-1430.00,-1514.00,121.00,523281
0,0,-2244.00,268.00,-107.00,523304
0,0,-1752.00,1616.00,-199.00,523327
0,0,-44.00,2066.00,81.00,523350
0,0,1784.00,948.00,-103.00,523373
0,0,2344.00,-414.00,37.00,523396
0,0,1018.00,-2208.00,511.00,523419
0,0,-650.00,-1782.00,329.00,523442
0,0,-1824.00,-772.00,135.00,523465
0,0,-1988.00,1284.00,35.00,523488
0,0,-796.00,2042.00,-65.00,523511
0,0,886.00,1930.00,-159.00,523535
0,0,2040.00,336.00,269.00,523558
0,0,1718.00,-1682.00,123.00,523581
0,0,598.00,-1736.00,689.00,523604
0,0,-1392.00,-1526.00,93.00,523628
0,0,-2310.00,178.00,-159.00,523651
0,0,-1700.00,1812.00,-265.00,523674
0,0,362.00,2646.00,411.00,523697
0,0,1778.00,1492.00,489.00,523720
0,0,2252.00,-666.00,5.00,523743
0,0,872.00,-1980.00,-507.00,523767
0,0,-898.00,-2422.00,303.00,523790
0,0,-2070.00,-988.00,473.00,523813
0,0,-1988.00,1788.00,415.00,523836
0,0,-544.00,2282.00,247.00,523859
0,0,1242.00,1876.00,-301.00,523883
0,0,2264.00,246.00,67.00,523906
0,0,1620.00,-1036.00,1093.00,523929
0,0,342.00,-1982.00,193.00,523953
0.00,0.00,1526.00,1748.00,-125.00,524058
0.00,0.00,484.00,-1894.00,-129.00,524123
0.00,0.00,-1744.00,840.00,-513.00,524188
0.00,0.00,2334.00,-344.00,-241.00,524253
0.00,0.00,-1584.00,-1658.00,-93.00,524318
0.00,0.00,68.00,1924.00,-73.00,524383
0.00,0.00,1716.00,-2082.00,705.00,524448
0.00,0.00,-2358.00,196.00,-111.00,524513
0.00,0.00,1554.00,1236.00,-199.00,524578
0.00,0.00,-1462.00,-1462.00,83.00,524663
0,0,-2330.00,288.00,-109.00,524686
0,0,-1436.00,1898.00,-445.00,524709
0,0,226.00,2128.00,-111.00,524733
0,0,1762.00,606.00,467.00,524756
0,0,2318.00,-626.00,-27.00,524779
0,0,588.00,-1646.00,-85.00,524802
0,0,-1004.00,-1964.00,227.00,524825
0,0,-2028.00,-728.00,83.00,524848
0,0,-1736.00,1510.00,-13.00,524871
0,0,-490.00,2082.00,13.00,524894
0,0,1164.00,1746.00,-103.00,524917
0,0,2158.00,280.00,-167.00,524940
0,0,1808.00,-1958.00,29.00,524963
0,0,294.00,-1276.00,393.00,524986
0,0,-1702.00,-1546.00,-65.00,525009
0,0,-2356.00,344.00,-21.00,525032
0,0,-1518.00,1936.00,-131.00,525055
0,0,338.00,2108.00,-83.00,525079
0,0,2006.00,1054.00,-151.00,525102
0,0,2286.00,-1006.00,-191.00,525125
0,0,828.00,-2004.00,-137.00,525149
0,0,-926.00,-1676.00,413.00,525172
0,0,-2066.00,-650.00,79.00,525195
0,0,-1996.00,1080.00,-37.00,525218
0,0,-286.00,2326.00,-111.00,525242
0,0,1502.00,1850.00,-47.00,525265
0,0,2264.00,-112.00,-331.00,525288
0,0,1730.00,-1444.00,-149.00,525312
0,0,112.00,-2342.00,461.00,525335
0,0,-1542.00,-962.00,91.00,525358
0,0,-2314.00,710.00,-15.00,525381
0,0,-1136.00,1818.00,-129.00,525405
0,0,706.00,1958.00,-333.00,525428
0,0,1978.00,496.00,193.00,525451
0,0,2298.00,-1168.00,141.00,525474
0,0,648.00,-1558.00,-193.00,525497
0,0,-1170.00,-1432.00,-205.00,525520
0,0,-2178.00,-336.00,-17.00,525544
0,0,-1982.00,898.00,7.00,525567
0,0,-88.00,1918.00,81.00,525590
0,0,1536.00,1502.00,-191.00,525613
0,0,2340.00,-366.00,-381.00,525636
0,0,1484.00,-1454.00,611.00,525659
0,0,124.00,-1860.00,689.00,525683
0,0,-1800.00,-1182.00,119.00,525706
0,0,-2302.00,978.00,57.00,525730
0,0,-936.00,1552.00,-351.00,525753
0,0,826.00,1822.00,-165.00,525776
0,0,1974.00,864.00,555.00,525800
0,0,1862.00,-1548.00,407.00,525823
0,0,114.00,-2266.00,33.00,525846
0,0,-1372.00,-1774.00,-217.00,525869
0,0,-2256.00,18.00,-79.00,525892
0,0,-1682.00,2250.00,97.00,525916
0,0,86.00,2260.00,227.00,525939
0,0,1778.00,1020.00,-157.00,525962
0,0,2334.00,-930.00,-669.00,525985
0,0,812.00,-2032.00,-223.00,526009
0,0,-576.00,-2282.00,479.00,526032
0,0,-1900.00,-874.00,313.00,526055
0,0,-1856.00,1754.00,123.00,526078
0,0,-462.00,2262.00,-17.00,526101
0,0,1130.00,1464.00,-461.00,526125
0,0,2078.00,54.00,-193.00,526148
0,0,1984.00,-1460.00,403.00,526171
0,0,-1372.00,-1680.00,-161.00,526214
0,0,-2226.00,-102.00,-219.00,526237
0,0,-1820.00,1786.00,-23.00,526260
0,0,122.00,2238.00,-45.00,526284
0,0,1698.00,1196.00,-57.00,526307
0,0,2338.00,-724.00,-111.00,526330
0,0,768.00,-2250.00,137.00,526353
0,0,-598.00,-1828.00,131.00,526376
0,0,-2056.00,-792.00,-93.00,526399
0,0,-1896.00,1076.00,-39.00,526423
0,0,-652.00,1936.00,115.00,526446
0,0,1102.00,1520.00,-283.00,526469
0,0,2060.00,144.00,-95.00,526492
0,0,1444.00,-1734.00,47.00,526515
0.00,0.00,-1642.00,1370.00,-39.00,526600
0.00,0.00,1758.00,1294.00,615.00,526665
0.00,0.00,-408.00,-1616.00,205.00,526730
0.00,0.00,-1318.00,1184.00,579.00,526795
0.00,0.00,1572.00,370.00,-85.00,526860
0.00,0.00,-630.00,-1808.00,-19.00,526925
0.00,0.00,-1308.00,406.00,-183.00,526991
0.00,0.00,1516.00,398.00,-343.00,527056
0.00,0.00,6.00,-1592.00,343.00,527121
0.00,0.00,-762.00,1072.00,-291.00,527207
0,0,86.00,1620.00,-109.00,527230
0,0,1150.00,988.00,-185.00,527253
0,0,1198.00,432.00,193.00,527276
0,0,1160.00,-514.00,395.00,527299
0,0,482.00,-952.00,107.00,527322
0,0,-348.00,-1532.00,-137.00,527346
0,0,-858.00,-1030.00,-151.00,527369
0,0,-1290.00,-352.00,-73.00,527392
0,0,-1018.00,862.00,-1.00,527415
0,0,212.00,902.00,-143.00,527458
0,0,738.00,844.00,-99.00,527481
0,0,1072.00,54.00,33.00,527504
0,0,1134.00,-594.00,-133.00,527527
0,0,546.00,-1178.00,209.00,527550
0,0,-96.00,-1364.00,163.00,527573
0,0,-734.00,-986.00,93.00,527596
0,0,-986.00,-432.00,79.00,527619
0,0,-1074.00,284.00,-27.00,527642
0,0,-758.00,314.00,-319.00,527665
0,0,-124.00,786.00,-199.00,527688
0,0,258.00,854.00,11.00,527712
0,0,734.00,638.00,-7.00,527735
0,0,1004.00,6.00,7.00,527758
0,0,872.00,-582.00,19.00,527781
0,0,432.00,-944.00,-367.00,527805
0,0,-18.00,-940.00,151.00,527828
0,0,-420.00,-904.00,1.00,527851
0,0,-714.00,-584.00,85.00,527874
0,0,-848.00,86.00,-53.00,527898
0,0,-668.00,534.00,19.00,527921
0,0,-444.00,684.00,-71.00,527944
0,0,-36.00,644.00,-59.00,527967
0,0,394.00,690.00,-19.00,527990
0,0,716.00,432.00,-129.00,528013
0,0,746.00,-48.00,-39.00,528036
0,0,656.00,-216.00,1.00,528059
0,0,434.00,-870.00,305.00,528082
0,0,94.00,-746.00,67.00,528105
0,0,-300.00,-824.00,7.00,528128
0,0,-424.00,-520.00,47.00,528152
0,0,-592.00,-90.00,31.00,528175
0,0,-588.00,164.00,-95.00,528199
0,0,-598.00,598.00,-207.00,528222
0,0,-126.00,504.00,-167.00,528246
0,0,34.00,608.00,-45.00,528269
0,0,218.00,712.00,87.00,528292
0,0,514.00,428.00,-17.00,528315
0,0,566.00,154.00,-145.00,528338
0,0,636.00,-280.00,-19.00,528361
0,0,268.00,-816.00,-91.00,528384
0,0,258.00,-720.00,15.00,528408
0,0,-92.00,-456.00,155.00,528431
0,0,-236.00,-616.00,-79.00,528454
0,0,-402.00,-422.00,61.00,528478
0,0,-468.00,-272.00,-29.00,528501
0,0,-528.00,48.00,-15.00,528524
0,0,-304.00,276.00,-55.00,528547
0,0,-326.00,128.00,-181.00,528570
0,0,-88.00,452.00,-71.00,528594
0,0,28.00,294.00,-59.00,528617
0,0,234.00,448.00,17.00,528640
0,0,336.00,218.00,25.00,528663
0,0,426.00,94.00,-87.00,528686
0,0,402.00,-26.00,17.00,528710
0,0,418.00,-310.00,-51.00,528733
0,0,248.00,-382.00,-157.00,528756
0,0,142.00,-502.00,91.00,528779
0,0,-14.00,-212.00,137.00,528802
0,0,-148.00,-226.00,97.00,528825
0,0,-236.00,-270.00,29.00,528849
0,0,-244.00,-334.00,53.00,528872
0,0,-346.00,-128.00,17.00,528895
0,0,-314.00,26.00,-11.00,528918
0,0,-264.00,82.00,-17.00,528942
0,0,-200.00,200.00,191.00,528965
0,0,-100.00,146.00,17.00,528988
0,0,-18.00,268.00,-101.00,529011
0,0,116.00,354.00,-35.00,529034
0,0,164.00,280.00,-33.00,529057
0.00,0.00,242.00,-70.00,43.00,529163
0.00,0.00,52.00,-258.00,17.00,529228
0.00,0.00,-40.00,-182.00,49.00,529293
0.00,0.00,-186.00,-74.00,-13.00,529358
0.00,0.00,-148.00,58.00,3.00,529424
0.00,0.00,-102.00,194.00,19.00,529489
0.00,0.00,-24.00,116.00,-11.00,529554
0.00,0.00,88.00,120.00,-9.00,529619
0.00,0.00,128.00,62.00,-63.00,529685
0.00,0.00,108.00,22.00,63.00,529770
0,0,82.00,-64.00,53.00,529793
0,0,-4.00,-214.00,-61.00,529817
0,0,10.00,-180.00,-129.00,529840
0,0,26.00,-212.00,-11.00,529863
0,0,38.00,-126.00,-11.00,529887
0,0,-24.00,-174.00,21.00,529910
0,0,-32.00,-112.00,13.00,529933
0,0,-50.00,-50.00,15.00,529956
0,0,-22.00,-102.00,-5.00,529980
0,0,-52.00,-96.00,-35.00,530023
0,0,-64.00,-44.00,23.00,530046
0,0,-78.00,-12.00,-19.00,530070
0,0,-70.00,2.00,11.00,530093
0,0,-66.00,-4.00,-5.00,530116
0,0,-52.00,4.00,9.00,530139
0,0,-58.00,16.00,-7.00,530162
0,0,-60.00,-8.00,33.00,530185
0,0,-12.00,72.00,-49.00,530208
0,0,-60.00,-36.00,27.00,530231
0,0,-38.00,94.00,55.00,530254
0,0,-58.00,-6.00,29.00,530277
0,0,28.00,70.00,3.00,530300
0,0,-52.00,58.00,1.00,530323
0,0,14.00,80.00,-15.00,530346
0,0,10.00,44.00,19.00,530369
0,0,4.00,14.00,-19.00,530393
0,0,4.00,26.00,11.00,530416
0,0,-42.00,34.00,-25.00,530439
0,0,54.00,24.00,-47.00,530463
0,0,-28.00,20.00,1.00,530486
0,0,14.00,44.00,-37.00,530509
0,0,16.00,-2.00,27.00,530532
0,0,16.00,52.00,21.00,530556
0,0,14.00,6.00,-5.00,530579
0,0,18.00,32.00,-11.00,530602
0,0,30.00,16.00,7.00,530625
0,0,18.00,48.00,-3.00,530648
0,0,40.00,-12.00,11.00,530671
0,0,8.00,12.00,1.00,530695
0,0,24.00,2.00,9.00,530718
0,0,20.00,-14.00,15.00,530741
0,0,10.00,8.00,-21.00,530764
0,0,26.00,-12.00,13.00,530787
0,0,-4.00,26.00,-1.00,530810
0,0,10.00,-20.00,13.00,530833
0,0,-8.00,8.00,-7.00,530857
0,0,4.00,-8.00,3.00,530880
0,0,24.00,-4.00,9.00,530903
0,0,-8.00,14.00,-3.00,530927
0,0,0.00,0.00,13.00,530950
0,0,-8.00,-24.00,-13.00,530973
0,0,16.00,-22.00,-13.00,530996
0,0,8.00,-4.00,9.00,531020
0,0,0.00,8.00,-11.00,531043
0,0,0.00,-18.00,1.00,531066
0,0,16.00,34.00,3.00,531089
0,0,-4.00,-8.00,-3.00,531112
0,0,8.00,14.00,1.00,531135
0,0,0.00,-2.00,-17.00,531159
0,0,6.00,0.00,11.00,531182
0,0,0.00,-12.00,1.00,531205
0,0,-6.00,-4.00,5.00,531228
0,0,8.00,-26.00,5.00,531251
0,0,-2.00,-12.00,5.00,531274
0,0,-2.00,-6.00,-19.00,531298
0,0,4.00,10.00,-13.00,531321
0,0,-4.00,-26.00,9.00,531344
0,0,8.00,2.00,3.00,531367
0,0,0.00,-12.00,11.00,531391
0,0,0.00,0.00,-5.00,531414
0,0,-8.00,-8.00,17.00,531438
0,0,4.00,-6.00,31.00,531461
0,0,2.00,10.00,-9.00,531483
0,0,-2.00,12.00,15.00,531507
0,0,-4.00,14.00,5.00,531530
0,0,0.00,2.00,-7.00,531553
0,0,2.00,-12.00,-13.00,531576
0,0,-6.00,-10.00,-23.00,531600
0,0,-10.00,4.00,-13.00,531643
0,0,4.00,0.00,9.00,531666
0,0,10.00,12.00,11.00,531689
0,0,4.00,-4.00,1.00,531712
0,0,0.00,-2.00,13.00,531735
0,0,6.00,-20.00,-5.00,531758
0,0,12.00,-14.00,7.00,531781
0,0,4.00,8.00,13.00,531804
0,0,-8.00,10.00,-15.00,531828
0,0,0.00,-14.00,-9.00,531851
0,0,-18.00,2.00,7.00,531875
0,0,-6.00,0.00,-1.00,531898
0,0,0.00,4.00,-3.00,531921
0,0,20.00,6.00,19.00,531944
0,0,10.00,8.00,-5.00,531968
0.00,0.00,-4.00,16.00,7.00,532254
0.00,0.00,-8.00,-28.00,13.00,532319
0.00,0.00,-10.00,0.00,51.00,532384
0.00,0.00,8.00,2.00,1.00,532449
0.00,0.00,12.00,6.00,-7.00,532514
0.00,0.00,6.00,-8.00,5.00,532578
0.00,0.00,0.00,-2.00,5.00,532644
0.00,0.00,12.00,-10.00,-9.00,532708
0.00,0.00,8.00,14.00,1.00,532773
0.00,0.00,0.00,6.00,1.00,532858
0,0,-4.00,12.00,15.00,532881
0,0,4.00,6.00,1.00,532904
0,0,-4.00,6.00,-3.00,532927
0,0,-4.00,12.00,13.00,532950
0,0,4.00,-6.00,3.00,532973
0,0,12.00,10.00,-11.00,532996
0,0,6.00,4.00,7.00,533019
0,0,0.00,0.00,3.00,533042
0,0,2.00,18.00,7.00,533065
0,0,4.00,14.00,23.00,533088
0,0,-2.00,-6.00,-5.00,533111
0,0,-12.00,-4.00,-3.00,533134
0,0,0.00,4.00,45.00,533157
0,0,-2.00,-12.00,11.00,533180
0,0,-6.00,-4.00,23.00,533203
0,0,-16.00,18.00,7.00,533226
0,0,10.00,2.00,-19.00,533249
0,0,4.00,4.00,-7.00,533272
0,0,6.00,-6.00,-1.00,533296
0,0,16.00,-6.00,1.00,533319
0,0,20.00,4.00,5.00,533343
0,0,10.00,0.00,1.00,533366
0,0,-2.00,-2.00,-5.00,533390
0,0,-2.00,12.00,-17.00,533413
0,0,2.00,2.00,21.00,533436
0,0,6.00,16.00,3.00,533459
0,0,8.00,6.00,3.00,533482
0,0,-12.00,14.00,-9.00,533506
0,0,4.00,4.00,3.00,533529
0,0,-2.00,4.00,11.00,533552
0,0,0.00,10.00,15.00,533575
0,0,6.00,14.00,-7.00,533598
0,0,10.00,12.00,-1.00,533621
0,0,-6.00,-2.00,15.00,533644
0,0,-6.00,-6.00,11.00,533667
0,0,0.00,-6.00,25.00,533691
0,0,-12.00,-2.00,1.00,533714
0,0,0.00,4.00,11.00,533738
0,0,8.00,-4.00,-7.00,533762
0,0,6.00,6.00,3.00,533785
0,0,10.00,-10.00,29.00,533808
0,0,4.00,0.00,5.00,533832
0,0,-2.00,6.00,-9.00,533856
0,0,4.00,2.00,-1.00,533880
0,0,-2.00,2.00,17.00,533903
0,0,-4.00,2.00,17.00,533927
0,0,10.00,6.00,5.00,533950
0,0,-4.00,2.00,-15.00,533974
0,0,4.00,8.00,13.00,533998
0,0,8.00,-12.00,3.00,534021
0,0,14.00,10.00,21.00,534045
0,0,-8.00,-6.00,-3.00,534088
0,0,12.00,0.00,-3.00,534111
0,0,10.00,-6.00,19.00,534134
0,0,0.00,6.00,5.00,534158
0,0,-4.00,-12.00,19.00,534182
0,0,16.00,4.00,-7.00,534205
0,0,-2.00,-6.00,11.00,534228
0,0,6.00,-16.00,7.00,534252
0,0,4.00,8.00,-5.00,534276
0,0,24.00,4.00,-1.00,534299
0,0,-2.00,-8.00,15.00,534323
0,0,4.00,0.00,-19.00,534347
0,0,-2.00,8.00,9.00,534370
0,0,-10.00,-4.00,17.00,534414
0,0,0.00,4.00,-7.00,534437
0,0,6.00,18.00,-1.00,534461
0,0,0.00,10.00,7.00,534485
0,0,-8.00,-10.00,1.00,534509
0,0,20.00,-8.00,-19.00,534532
0,0,8.00,-14.00,3.00,534556
0,0,4.00,-2.00,-5.00,534579
0,0,-22.00,-2.00,-7.00,534603
0,0,-4.00,6.00,3.00,534627
0,0,-6.00,-20.00,1.00,534650
0,0,-4.00,-2.00,9.00,534674
0,0,-2.00,14.00,29.00,534697
0,0,0.00,-12.00,31.00,534741
0,0,4.00,4.00,-5.00,534764
0,0,2.00,-4.00,9.00,534787
0,0,6.00,4.00,-11.00,534810
0,0,-6.00,14.00,1.00,534834
0,0,-2.00,6.00,11.00,534857
0,0,12.00,0.00,5.00,534881
0,0,4.00,-2.00,3.00,534904
0,0,8.00,10.00,-5.00,534928
0,0,8.00,2.00,15.00,534952
0,0,2.00,16.00,7.00,534975
0,0,-8.00,2.00,-3.00,534999
0,0,6.00,-4.00,7.00,535023
0,0,8.00,14.00,-3.00,535066
0,0,0.00,28.00,7.00,535090
0,0,2.00,4.00,21.00,535113
0,0,12.00,8.00,23.00,535137
0,0,-6.00,2.00,-1.00,535160
0,0,-4.00,0.00,31.00,535184
0,0,-2.00,2.00,-7.00,535207
0,0,16.00,12.00,13.00,535230
0,0,4.00,-12.00,1.00,535253
0,0,10.00,-16.00,-13.00,535277
0,0,8.00,8.00,3.00,535300
0,0,6.00,4.00,7.00,535323
0,0,-10.00,12.00,7.00,535346
0,0,14.00,6.00,-1.00,535370
0.00,0.00,6.00,-18.00,15.00,535676
0.00,0.00,4.00,6.00,-7.00,535742
0.00,0.00,6.00,12.00,-1.00,535807
0.00,0.00,-12.00,-14.00,7.00,535872
0.00,0.00,-4.00,-2.00,7.00,535938
0.00,0.00,2.00,4.00,5.00,536004
0.00,0.00,6.00,-8.00,-5.00,536069
0.00,0.00,2.00,32.00,1.00,536135
0.00,0.00,4.00,-16.00,23.00,536201
0.00,0.00,2.00,6.00,3.00,536286
0,0,2.00,-2.00,-23.00,536309
0,0,-6.00,-6.00,-41.00,536332
0,0,2.00,-10.00,7.00,536356
0,0,-18.00,-2.00,-9.00,536379
0,0,16.00,4.00,1.00,536402
0,0,2.00,-8.00,21.00,536426
0,0,0.00,0.00,-5.00,536450
0,0,8.00,10.00,-19.00,536474
0,0,2.00,-2.00,5.00,536497
0,0,10.00,18.00,33.00,536520
0,0,-12.00,-2.00,7.00,536543
0,0,-2.00,-28.00,-5.00,536566
0,0,2.00,4.00,41.00,536589
0,0,-6.00,2.00,43.00,536613
0,0,0.00,-10.00,35.00,536636
0,0,0.00,2.00,-19.00,536660
0,0,-6.00,4.00,-37.00,536683
0,0,8.00,-2.00,-41.00,536706
0,0,-2.00,20.00,-1.00,536730
0,0,4.00,12.00,31.00,536753
0,0,-16.00,-10.00,-11.00,536776
0,0,10.00,-26.00,1.00,536799
0,0,14.00,-10.00,-9.00,536823
0,0,4.00,10.00,7.00,536847
0,0,-16.00,20.00,-5.00,536870
0,0,0.00,0.00,21.00,536894
0,0,6.00,-6.00,-5.00,536917
0,0,12.00,2.00,7.00,536941
0,0,6.00,18.00,7.00,536965
0,0,6.00,16.00,-3.00,536989
0,0,-6.00,10.00,17.00,537012
0,0,-6.00,-28.00,-11.00,537036
0,0,18.00,-28.00,3.00,537060
0,0,6.00,0.00,-11.00,537084
0,0,0.00,30.00,15.00,537107
0,0,12.00,8.00,23.00,537130
0,0,6.00,8.00,19.00,537153
0,0,-2.00,6.00,-7.00,537177
0,0,4.00,2.00,-29.00,537200
0,0,14.00,-20.00,-17.00,537224
0,0,-10.00,-16.00,1.00,537248
0,0,8.00,6.00,5.00,537271
0,0,10.00,2.00,31.00,537294
0,0,14.00,-12.00,39.00,537317
0,0,12.00,-12.00,13.00,537340
0,0,8.00,0.00,-7.00,537364
0,0,0.00,10.00,-33.00,537387
0,0,-4.00,2.00,-7.00,537410
0,0,-4.00,-6.00,9.00,537434
0,0,16.00,-10.00,-1.00,537457
0,0,-4.00,-14.00,11.00,537481
0,0,2.00,-2.00,-13.00,537505
0,0,6.00,12.00,-15.00,537528
0,0,0.00,16.00,-3.00,537551
0,0,-6.00,0.00,-19.00,537575
0,0,-10.00,-10.00,3.00,537598
0,0,12.00,-8.00,-13.00,537622
0,0,2.00,-6.00,-5.00,537645
0,0,-4.00,10.00,9.00,537669
0,0,0.00,10.00,-7.00,537692
0,0,10.00,14.00,-15.00,537716
0,0,14.00,-10.00,7.00,537740
0,0,0.00,-4.00,23.00,537763
0,0,-10.00,4.00,9.00,537787
0,0,0.00,-10.00,5.00,537831
0,0,12.00,10.00,7.00,537854
0,0,-10.00,-16.00,-15.00,537878
0,0,12.00,2.00,-7.00,537902
0,0,6.00,4.00,-3.00,537925
0,0,6.00,-4.00,-9.00,537949
0,0,2.00,18.00,1.00,537972
0,0,0.00,14.00,-5.00,537996
0,0,8.00,20.00,-5.00,538020
0,0,0.00,2.00,13.00,538044
0,0,0.00,-16.00,-7.00,538068
0,0,8.00,-20.00,11.00,538091
0,0,-6.00,6.00,-3.00,538115
0,0,0.00,2.00,-17.00,538159
0,0,10.00,4.00,-3.00,538182
0,0,8.00,-6.00,1.00,538205
0,0,-2.00,22.00,3.00,538228
0,0,6.00,-2.00,-13.00,538252
0,0,-2.00,-10.00,3.00,538276
0,0,8.00,-8.00,-5.00,538300
0,0,8.00,-4.00,7.00,538323
0,0,6.00,-6.00,1.00,538346
0,0,4.00,2.00,17.00,538370
0,0,-4.00,-4.00,1.00,538393
0,0,4.00,-26.00,3.00,538416
0,0,8.00,-10.00,-27.00,538440
0,0,-8.00,14.00,-21.00,538484
0,0,8.00,8.00,11.00,538507
0,0,0.00,8.00,5.00,538530
0,0,8.00,4.00,-3.00,538554
0,0,2.00,-2.00,33.00,538577
0,0,10.00,20.00,-13.00,538600
0,0,-8.00,-6.00,-7.00,538624
0,0,-6.00,0.00,-7.00,538648
0,0,-18.00,16.00,-11.00,538672
0,0,8.00,2.00,-3.00,538696
0,0,2.00,12.00,-3.00,538719
0,0,0.00,10.00,11.00,538742
0,0,-4.00,-14.00,1.00,538766
0,0,2.00,-4.00,-7.00,538790
0.00,0.00,2.00,-6.00,-9.00,539097
0.00,0.00,26.00,10.00,55.00,539162
0.00,0.00,24.00,26.00,45.00,539227
0.00,0.00,2.00,6.00,19.00,539292
0.00,0.00,6.00,0.00,11.00,539357
0.00,0.00,2.00,2.00,-25.00,539423
0.00,0.00,-10.00,-4.00,7.00,539488
0.00,0.00,10.00,-4.00,11.00,539554
0.00,0.00,-2.00,-6.00,-5.00,539619
0.00,0.00,2.00,-8.00,11.00,539705
0,0,-8.00,16.00,7.00,539729
0,0,26.00,14.00,1.00,539753
0,0,-12.00,0.00,1.00,539776
0,0,2.00,0.00,-3.00,539799
0,0,2.00,0.00,-3.00,539822
0,0,6.00,12.00,11.00,539846
0,0,0.00,16.00,-9.00,539869
